,m,eps,time,algo,type
0,7200,0.1,0.0410151481628418,ps,rademacher
1,2400,0.1,0.01385188102722168,ps,hoeffding
2,13200,0.1,0.07391500473022461,psp,rademacher
3,2400,0.1,0.013277053833007812,psp,hoeffding
4,16800,0.1,0.1099250316619873,ps,rademacher
5,2400,0.1,0.012784719467163086,ps,hoeffding
6,45800,0.1,0.2096560001373291,psp,rademacher
7,2400,0.1,0.0070590972900390625,psp,hoeffding
8,16800,0.1,0.12822484970092773,ps,rademacher
9,2400,0.1,0.010001897811889648,ps,hoeffding
10,7300,0.1,0.031110763549804688,psp,rademacher
11,2400,0.1,0.012058734893798828,psp,hoeffding
12,16800,0.1,0.12720108032226562,ps,rademacher
13,2400,0.1,0.008345842361450195,ps,hoeffding
14,13200,0.1,0.06686592102050781,psp,rademacher
15,2400,0.1,0.0074350833892822266,psp,hoeffding
16,16800,0.1,0.1127479076385498,ps,rademacher
17,2400,0.1,0.010703802108764648,ps,hoeffding
18,45800,0.1,0.17476415634155273,psp,rademacher
19,2400,0.1,0.008255958557128906,psp,hoeffding
20,16800,0.1,0.12862801551818848,ps,rademacher
21,2400,0.1,0.014104843139648438,ps,hoeffding
22,46000,0.1,0.2139430046081543,psp,rademacher
23,2400,0.1,0.01669001579284668,psp,hoeffding
24,16800,0.1,0.11652302742004395,ps,rademacher
25,2400,0.1,0.011227846145629883,ps,hoeffding
26,2400,0.1,0.013321161270141602,psp,rademacher
27,2400,0.1,0.013247013092041016,psp,hoeffding
28,74400,0.1,0.5997629165649414,ps,rademacher
29,2400,0.1,0.010354995727539062,ps,hoeffding
30,90600,0.1,0.39148688316345215,psp,rademacher
31,2400,0.1,0.009829044342041016,psp,hoeffding
32,36000,0.1,0.2983250617980957,ps,rademacher
33,2400,0.1,0.00791788101196289,ps,hoeffding
34,12200,0.1,0.05317831039428711,psp,rademacher
35,2400,0.1,0.010827064514160156,psp,hoeffding
36,74400,0.1,0.6183040142059326,ps,rademacher
37,2400,0.1,0.013076066970825195,ps,hoeffding
38,90800,0.1,0.3882589340209961,psp,rademacher
39,2400,0.1,0.013090133666992188,psp,hoeffding
40,36000,0.1,0.3144950866699219,ps,rademacher
41,2400,0.1,0.007774829864501953,ps,hoeffding
42,12900,0.1,0.06358599662780762,psp,rademacher
43,2400,0.1,0.011696100234985352,psp,hoeffding
44,74400,0.1,0.5942840576171875,ps,rademacher
45,2400,0.1,0.006142377853393555,ps,hoeffding
46,12400,0.1,0.05141568183898926,psp,rademacher
47,2400,0.1,0.009409904479980469,psp,hoeffding
48,16800,0.1,0.1221461296081543,ps,rademacher
49,2400,0.1,0.009386062622070312,ps,hoeffding
50,91200,0.1,0.41718602180480957,psp,rademacher
51,2400,0.1,0.011615991592407227,psp,hoeffding
52,151200,0.1,1.3124067783355713,ps,rademacher
53,2400,0.1,0.011942148208618164,ps,hoeffding
54,23400,0.1,0.1188051700592041,psp,rademacher
55,2400,0.1,0.009742975234985352,psp,hoeffding
56,7200,0.1,0.03754377365112305,ps,rademacher
57,2400,0.1,0.012881994247436523,ps,hoeffding
58,47400,0.1,0.19329500198364258,psp,rademacher
59,2400,0.1,0.006443977355957031,psp,hoeffding
60,74400,0.1,0.609062910079956,ps,rademacher
61,2400,0.1,0.007918834686279297,ps,hoeffding
62,46200,0.1,0.22180509567260742,psp,rademacher
63,2400,0.1,0.01415109634399414,psp,hoeffding
64,36000,0.1,0.37481689453125,ps,rademacher
65,2400,0.1,0.014788150787353516,ps,hoeffding
66,46000,0.1,0.28565073013305664,psp,rademacher
67,2400,0.1,0.014323949813842773,psp,hoeffding
68,151200,0.1,1.7190680503845215,ps,rademacher
69,2400,0.1,0.013586997985839844,ps,hoeffding
70,7400,0.1,0.046830177307128906,psp,rademacher
71,2400,0.1,0.013919830322265625,psp,hoeffding
72,74400,0.1,0.8296339511871338,ps,rademacher
73,2400,0.1,0.014007091522216797,ps,hoeffding
74,46400,0.1,0.28879380226135254,psp,rademacher
75,2400,0.1,0.013852834701538086,psp,hoeffding
76,16800,0.1,0.15469098091125488,ps,rademacher
77,2400,0.1,0.013510942459106445,ps,hoeffding
78,12800,0.1,0.08838295936584473,psp,rademacher
79,2400,0.1,0.013653039932250977,psp,hoeffding
80,74400,0.1,0.7998437881469727,ps,rademacher
81,2400,0.1,0.014513969421386719,ps,hoeffding
82,12500,0.1,0.07661628723144531,psp,rademacher
83,2400,0.1,0.013426780700683594,psp,hoeffding
84,36000,0.1,0.3800358772277832,ps,rademacher
85,2400,0.1,0.014751911163330078,ps,hoeffding
86,6600,0.1,0.031468868255615234,psp,rademacher
87,2400,0.1,0.01637101173400879,psp,hoeffding
88,74400,0.1,0.7901980876922607,ps,rademacher
89,2400,0.1,0.01597118377685547,ps,hoeffding
90,23400,0.1,0.14701581001281738,psp,rademacher
91,2400,0.1,0.014554977416992188,psp,hoeffding
92,74400,0.1,0.8224489688873291,ps,rademacher
93,2400,0.1,0.013891935348510742,ps,hoeffding
94,23700,0.1,0.14747214317321777,psp,rademacher
95,2400,0.1,0.014101028442382812,psp,hoeffding
96,151200,0.1,1.7756330966949463,ps,rademacher
97,2400,0.1,0.014573097229003906,ps,hoeffding
98,90600,0.1,0.5763802528381348,psp,rademacher
99,2400,0.1,0.013547182083129883,psp,hoeffding
100,7200,0.1,0.0651388168334961,ps,rademacher
101,2400,0.1,0.013375997543334961,ps,hoeffding
102,180200,0.1,1.123434066772461,psp,rademacher
103,2400,0.1,0.011654853820800781,psp,hoeffding
104,7200,0.1,0.07416415214538574,ps,rademacher
105,2400,0.1,0.016576051712036133,ps,hoeffding
106,12400,0.1,0.0900430679321289,psp,rademacher
107,2400,0.1,0.014189004898071289,psp,hoeffding
108,16800,0.1,0.1612391471862793,ps,rademacher
109,2400,0.1,0.014520883560180664,ps,hoeffding
110,25600,0.1,0.24491119384765625,psp,rademacher
111,2400,0.1,0.01565098762512207,psp,hoeffding
112,74400,0.1,0.9082808494567871,ps,rademacher
113,2400,0.1,0.014149188995361328,ps,hoeffding
114,2400,0.1,0.015524148941040039,psp,rademacher
115,2400,0.1,0.013999700546264648,psp,hoeffding
116,74400,0.1,0.9342410564422607,ps,rademacher
117,2400,0.1,0.014209985733032227,ps,hoeffding
118,45800,0.1,0.3590240478515625,psp,rademacher
119,2400,0.1,0.014136075973510742,psp,hoeffding
120,7200,0.1,0.07097101211547852,ps,rademacher
121,2400,0.1,0.015581846237182617,ps,hoeffding
122,24000,0.1,0.16724872589111328,psp,rademacher
123,2400,0.1,0.014218807220458984,psp,hoeffding
124,151200,0.1,2.027672052383423,ps,rademacher
125,2400,0.1,0.013601064682006836,ps,hoeffding
126,46000,0.1,0.2685539722442627,psp,rademacher
127,2400,0.1,0.013211965560913086,psp,hoeffding
128,16800,0.1,0.16198110580444336,ps,rademacher
129,2400,0.1,0.013335943222045898,ps,hoeffding
130,45800,0.1,0.2893402576446533,psp,rademacher
131,2400,0.1,0.013888835906982422,psp,hoeffding
132,16800,0.1,0.15942788124084473,ps,rademacher
133,2400,0.1,0.013942956924438477,ps,hoeffding
134,23400,0.1,0.1392979621887207,psp,rademacher
135,2400,0.1,0.012771844863891602,psp,hoeffding
136,16800,0.1,0.15878605842590332,ps,rademacher
137,2400,0.1,0.01373600959777832,ps,hoeffding
138,6600,0.1,0.04157710075378418,psp,rademacher
139,2400,0.1,0.013802051544189453,psp,hoeffding
140,16800,0.1,0.16043901443481445,ps,rademacher
141,2400,0.1,0.013726949691772461,ps,hoeffding
142,23400,0.1,0.14252018928527832,psp,rademacher
143,2400,0.1,0.013751029968261719,psp,hoeffding
144,36000,0.1,0.3767738342285156,ps,rademacher
145,2400,0.1,0.017620086669921875,ps,hoeffding
146,47400,0.1,0.2758970260620117,psp,rademacher
147,2400,0.1,0.013460159301757812,psp,hoeffding
148,74400,0.1,0.801494836807251,ps,rademacher
149,2400,0.1,0.013685941696166992,ps,hoeffding
150,24600,0.1,0.13829398155212402,psp,rademacher
151,2400,0.1,0.013628244400024414,psp,hoeffding
152,16800,0.1,0.17497873306274414,ps,rademacher
153,2400,0.1,0.014554977416992188,ps,hoeffding
154,45800,0.1,0.3516218662261963,psp,rademacher
155,2400,0.1,0.01749396324157715,psp,hoeffding
156,74400,0.1,0.8621492385864258,ps,rademacher
157,2400,0.1,0.014707088470458984,ps,hoeffding
158,13300,0.1,0.08229398727416992,psp,rademacher
159,2400,0.1,0.018287181854248047,psp,hoeffding
160,16800,0.1,0.17599701881408691,ps,rademacher
161,2400,0.1,0.013296127319335938,ps,hoeffding
162,24000,0.1,0.1420753002166748,psp,rademacher
163,2400,0.1,0.014042139053344727,psp,hoeffding
164,36000,0.1,0.46166491508483887,ps,rademacher
165,2400,0.1,0.021171092987060547,ps,hoeffding
166,24100,0.1,0.19250988960266113,psp,rademacher
167,2400,0.1,0.013531923294067383,psp,hoeffding
168,7200,0.1,0.059678077697753906,ps,rademacher
169,2400,0.1,0.013557910919189453,ps,hoeffding
170,7000,0.1,0.04131603240966797,psp,rademacher
171,2400,0.1,0.01282811164855957,psp,hoeffding
172,74400,0.1,0.9913740158081055,ps,rademacher
173,2400,0.1,0.018927812576293945,ps,hoeffding
174,7200,0.1,0.06020402908325195,psp,rademacher
175,2400,0.1,0.013692855834960938,psp,hoeffding
176,36000,0.1,0.46433019638061523,ps,rademacher
177,2400,0.1,0.021638154983520508,ps,hoeffding
178,45800,0.1,0.3161628246307373,psp,rademacher
179,2400,0.1,0.014269113540649414,psp,hoeffding
180,16800,0.1,0.1625838279724121,ps,rademacher
181,2400,0.1,0.014883041381835938,ps,hoeffding
182,12600,0.1,0.09395599365234375,psp,rademacher
183,2400,0.1,0.03704500198364258,psp,hoeffding
184,7200,0.1,0.10176992416381836,ps,rademacher
185,2400,0.1,0.017678022384643555,ps,hoeffding
186,23400,0.1,0.1858229637145996,psp,rademacher
187,2400,0.1,0.014468193054199219,psp,hoeffding
188,16800,0.1,0.19155001640319824,ps,rademacher
189,2400,0.1,0.01535797119140625,ps,hoeffding
190,23400,0.1,0.19539999961853027,psp,rademacher
191,2400,0.1,0.024724960327148438,psp,hoeffding
192,7200,0.1,0.06578588485717773,ps,rademacher
193,2400,0.1,0.013942956924438477,ps,hoeffding
194,27000,0.1,0.23031187057495117,psp,rademacher
195,2400,0.1,0.015950918197631836,psp,hoeffding
196,74400,0.1,0.8559520244598389,ps,rademacher
197,2400,0.1,0.015130758285522461,ps,hoeffding
198,46000,0.1,0.30522799491882324,psp,rademacher
199,2400,0.1,0.0179598331451416,psp,hoeffding
200,151200,0.1,1.8884589672088623,ps,rademacher
201,2400,0.1,0.017969369888305664,ps,hoeffding
202,2400,0.1,0.01575493812561035,psp,rademacher
203,2400,0.1,0.01498103141784668,psp,hoeffding
204,74400,0.1,0.9432950019836426,ps,rademacher
205,2400,0.1,0.024237871170043945,ps,hoeffding
206,12200,0.1,0.08937597274780273,psp,rademacher
207,2400,0.1,0.01704716682434082,psp,hoeffding
208,74400,0.1,1.1068179607391357,ps,rademacher
209,2400,0.1,0.016952037811279297,ps,hoeffding
210,91200,0.1,0.7584807872772217,psp,rademacher
211,2400,0.1,0.021831035614013672,psp,hoeffding
212,16800,0.1,0.22422504425048828,ps,rademacher
213,2400,0.1,0.015508174896240234,ps,hoeffding
214,90800,0.1,0.7563238143920898,psp,rademacher
215,2400,0.1,0.03586411476135254,psp,hoeffding
216,74400,0.1,1.1048269271850586,ps,rademacher
217,2400,0.1,0.016666173934936523,ps,hoeffding
218,46300,0.1,0.36614990234375,psp,rademacher
219,2400,0.1,0.019544124603271484,psp,hoeffding
220,151200,0.1,2.1611292362213135,ps,rademacher
221,2400,0.1,0.013175249099731445,ps,hoeffding
222,46400,0.1,0.35375404357910156,psp,rademacher
223,2400,0.1,0.01858806610107422,psp,hoeffding
224,74400,0.1,1.035309076309204,ps,rademacher
225,2400,0.1,0.015578985214233398,ps,hoeffding
226,91200,0.1,0.6766948699951172,psp,rademacher
227,2400,0.1,0.014907121658325195,psp,hoeffding
228,7200,0.1,0.0817418098449707,ps,rademacher
229,2400,0.1,0.01429605484008789,ps,hoeffding
230,24000,0.1,0.18380284309387207,psp,rademacher
231,2400,0.1,0.016094207763671875,psp,hoeffding
232,7200,0.1,0.08051204681396484,ps,rademacher
233,2400,0.1,0.013467788696289062,ps,hoeffding
234,12600,0.1,0.09867000579833984,psp,rademacher
235,2400,0.1,0.015208959579467773,psp,hoeffding
236,304800,0.1,4.484785079956055,ps,rademacher
237,2400,0.1,0.014315128326416016,ps,hoeffding
238,12200,0.1,0.0923771858215332,psp,rademacher
239,2400,0.1,0.018980026245117188,psp,hoeffding
240,7200,0.1,0.07844305038452148,ps,rademacher
241,2400,0.1,0.015386104583740234,ps,hoeffding
242,23600,0.1,0.1699199676513672,psp,rademacher
243,2400,0.1,0.015280961990356445,psp,hoeffding
244,36000,0.1,0.46185302734375,ps,rademacher
245,2400,0.1,0.018115997314453125,ps,hoeffding
246,12200,0.1,0.08877110481262207,psp,rademacher
247,2400,0.1,0.017393827438354492,psp,hoeffding
248,36000,0.1,0.44425320625305176,ps,rademacher
249,2400,0.1,0.013365983963012695,ps,hoeffding
250,46100,0.1,0.35152411460876465,psp,rademacher
251,2400,0.1,0.019224166870117188,psp,hoeffding
252,16800,0.1,0.1971592903137207,ps,rademacher
253,2400,0.1,0.017613887786865234,ps,hoeffding
254,24000,0.1,0.1750168800354004,psp,rademacher
255,2400,0.1,0.014300107955932617,psp,hoeffding
256,16800,0.1,0.19425082206726074,ps,rademacher
257,2400,0.1,0.02148294448852539,ps,hoeffding
258,45800,0.1,0.3349621295928955,psp,rademacher
259,2400,0.1,0.01359701156616211,psp,hoeffding
260,74400,0.1,0.9793820381164551,ps,rademacher
261,2400,0.1,0.020145177841186523,ps,hoeffding
262,12200,0.1,0.09862303733825684,psp,rademacher
263,2400,0.1,0.012975931167602539,psp,hoeffding
264,36000,0.1,0.44951605796813965,ps,rademacher
265,2400,0.1,0.01621413230895996,ps,hoeffding
266,13700,0.1,0.10223698616027832,psp,rademacher
267,2400,0.1,0.021956920623779297,psp,hoeffding
268,16800,0.1,0.19359374046325684,ps,rademacher
269,2400,0.1,0.016476154327392578,ps,hoeffding
270,90700,0.1,0.6618161201477051,psp,rademacher
271,2400,0.1,0.01645684242248535,psp,hoeffding
272,151200,0.1,2.1084959506988525,ps,rademacher
273,2400,0.1,0.01670980453491211,ps,hoeffding
274,45800,0.1,0.3358287811279297,psp,rademacher
275,2400,0.1,0.017657756805419922,psp,hoeffding
276,36000,0.1,0.4594917297363281,ps,rademacher
277,2400,0.1,0.018191814422607422,ps,hoeffding
278,50600,0.1,0.3678147792816162,psp,rademacher
279,2400,0.1,0.016984939575195312,psp,hoeffding
280,16800,0.1,0.1983778476715088,ps,rademacher
281,2400,0.1,0.018682003021240234,ps,hoeffding
282,46000,0.1,0.3478972911834717,psp,rademacher
283,2400,0.1,0.017778873443603516,psp,hoeffding
284,7200,0.1,0.0696260929107666,ps,rademacher
285,2400,0.1,0.015077829360961914,ps,hoeffding
286,13000,0.1,0.09579896926879883,psp,rademacher
287,2400,0.1,0.018306970596313477,psp,hoeffding
288,74400,0.1,0.9743239879608154,ps,rademacher
289,2400,0.1,0.021883726119995117,ps,hoeffding
290,46400,0.1,0.33318185806274414,psp,rademacher
291,2400,0.1,0.013763189315795898,psp,hoeffding
292,74400,0.1,0.9843440055847168,ps,rademacher
293,2400,0.1,0.01909494400024414,ps,hoeffding
294,45800,0.1,0.3515009880065918,psp,rademacher
295,2400,0.1,0.017599105834960938,psp,hoeffding
296,36000,0.1,0.48211216926574707,ps,rademacher
297,2400,0.1,0.01844191551208496,ps,hoeffding
298,45800,0.1,0.3441483974456787,psp,rademacher
299,2400,0.1,0.01939678192138672,psp,hoeffding
300,7200,0.1,0.0772097110748291,ps,rademacher
301,2400,0.1,0.01900482177734375,ps,hoeffding
302,24000,0.1,0.18014192581176758,psp,rademacher
303,2400,0.1,0.017038822174072266,psp,hoeffding
304,16800,0.1,0.19867300987243652,ps,rademacher
305,2400,0.1,0.013434886932373047,ps,hoeffding
306,46000,0.1,0.3443620204925537,psp,rademacher
307,2400,0.1,0.015851974487304688,psp,hoeffding
308,16800,0.1,0.20218276977539062,ps,rademacher
309,2400,0.1,0.019646883010864258,ps,hoeffding
310,24100,0.1,0.23310112953186035,psp,rademacher
311,2400,0.1,0.026414155960083008,psp,hoeffding
312,74400,0.1,1.1441810131072998,ps,rademacher
313,2400,0.1,0.017330169677734375,ps,hoeffding
314,12200,0.1,0.10425996780395508,psp,rademacher
315,2400,0.1,0.038233041763305664,psp,hoeffding
316,74400,0.1,1.3064241409301758,ps,rademacher
317,2400,0.1,0.013988018035888672,ps,hoeffding
318,23800,0.1,0.18129706382751465,psp,rademacher
319,2400,0.1,0.016768693923950195,psp,hoeffding
320,7200,0.1,0.08696770668029785,ps,rademacher
321,2400,0.1,0.019285917282104492,ps,hoeffding
322,23400,0.1,0.2780179977416992,psp,rademacher
323,2400,0.1,0.015837907791137695,psp,hoeffding
324,74400,0.1,1.119645118713379,ps,rademacher
325,2400,0.1,0.02021002769470215,ps,hoeffding
326,46000,0.1,0.4455380439758301,psp,rademacher
327,2400,0.1,0.03120732307434082,psp,hoeffding
328,36000,0.1,0.5282387733459473,ps,rademacher
329,2400,0.1,0.014101028442382812,ps,hoeffding
330,12200,0.1,0.0937809944152832,psp,rademacher
331,2400,0.1,0.02105402946472168,psp,hoeffding
332,16800,0.1,0.19755291938781738,ps,rademacher
333,2400,0.1,0.013720035552978516,ps,hoeffding
334,46400,0.1,0.5070610046386719,psp,rademacher
335,2400,0.1,0.02628183364868164,psp,hoeffding
336,16800,0.1,0.26642799377441406,ps,rademacher
337,2400,0.1,0.021114826202392578,ps,hoeffding
338,6600,0.1,0.06369709968566895,psp,rademacher
339,2400,0.1,0.02711009979248047,psp,hoeffding
340,7200,0.1,0.09142327308654785,ps,rademacher
341,2400,0.1,0.015298843383789062,ps,hoeffding
342,12200,0.1,0.13307499885559082,psp,rademacher
343,2400,0.1,0.023860931396484375,psp,hoeffding
344,16800,0.1,0.26176977157592773,ps,rademacher
345,2400,0.1,0.03363609313964844,ps,hoeffding
346,46800,0.1,0.46421289443969727,psp,rademacher
347,2400,0.1,0.018268108367919922,psp,hoeffding
348,36000,0.1,0.6025900840759277,ps,rademacher
349,2400,0.1,0.018257856369018555,ps,hoeffding
350,23700,0.1,0.22336792945861816,psp,rademacher
351,2400,0.1,0.02855992317199707,psp,hoeffding
352,36000,0.1,0.618109941482544,ps,rademacher
353,2400,0.1,0.02639484405517578,ps,hoeffding
354,90600,0.1,0.7191059589385986,psp,rademacher
355,2400,0.1,0.01697993278503418,psp,hoeffding
356,7200,0.1,0.07990503311157227,ps,rademacher
357,2400,0.1,0.04153084754943848,ps,hoeffding
358,14300,0.1,0.1773238182067871,psp,rademacher
359,2400,0.1,0.025007963180541992,psp,hoeffding
360,7200,0.1,0.08917021751403809,ps,rademacher
361,2400,0.1,0.023509979248046875,ps,hoeffding
362,6600,0.1,0.06448698043823242,psp,rademacher
363,2400,0.1,0.021188974380493164,psp,hoeffding
364,36000,0.1,0.6593120098114014,ps,rademacher
365,2400,0.1,0.03557991981506348,ps,hoeffding
366,91700,0.1,0.7399618625640869,psp,rademacher
367,2400,0.1,0.016434907913208008,psp,hoeffding
368,74400,0.1,1.0315492153167725,ps,rademacher
369,2400,0.1,0.01696634292602539,ps,hoeffding
370,23400,0.1,0.17228388786315918,psp,rademacher
371,2400,0.1,0.018336057662963867,psp,hoeffding
372,36000,0.1,0.6043450832366943,ps,rademacher
373,2400,0.1,0.028161048889160156,ps,hoeffding
374,23600,0.1,0.23671698570251465,psp,rademacher
375,2400,0.1,0.015083074569702148,psp,hoeffding
376,36000,0.1,0.5467061996459961,ps,rademacher
377,2400,0.1,0.021409034729003906,ps,hoeffding
378,46500,0.1,0.3558070659637451,psp,rademacher
379,2400,0.1,0.017960786819458008,psp,hoeffding
380,36000,0.1,0.5487611293792725,ps,rademacher
381,2400,0.1,0.013283014297485352,ps,hoeffding
382,45900,0.1,0.35040903091430664,psp,rademacher
383,2400,0.1,0.019891023635864258,psp,hoeffding
384,36000,0.1,0.47672390937805176,ps,rademacher
385,2400,0.1,0.02067279815673828,ps,hoeffding
386,23800,0.1,0.19464612007141113,psp,rademacher
387,2400,0.1,0.018774032592773438,psp,hoeffding
388,36000,0.1,0.536862850189209,ps,rademacher
389,2400,0.1,0.016347885131835938,ps,hoeffding
390,46100,0.1,0.4002370834350586,psp,rademacher
391,2400,0.1,0.013511896133422852,psp,hoeffding
392,7200,0.1,0.07925987243652344,ps,rademacher
393,2400,0.1,0.014449834823608398,ps,hoeffding
394,12400,0.1,0.08803319931030273,psp,rademacher
395,2400,0.1,0.015413999557495117,psp,hoeffding
396,16800,0.1,0.21779108047485352,ps,rademacher
397,2400,0.1,0.015588998794555664,ps,hoeffding
398,90600,0.1,0.7158792018890381,psp,rademacher
399,2400,0.1,0.028248071670532227,psp,hoeffding
400,36000,0.09,0.4721212387084961,ps,rademacher
401,2400,0.09,0.01415395736694336,ps,hoeffding
402,359500,0.09,2.686594009399414,psp,rademacher
403,2400,0.09,0.020090103149414062,psp,hoeffding
404,36000,0.09,0.5938079357147217,ps,rademacher
405,2400,0.09,0.01670670509338379,ps,hoeffding
406,50400,0.09,0.37528491020202637,psp,rademacher
407,2400,0.09,0.01971888542175293,psp,hoeffding
408,74400,0.09,1.3699872493743896,ps,rademacher
409,2400,0.09,0.01716303825378418,ps,hoeffding
410,24200,0.09,0.2658381462097168,psp,rademacher
411,2400,0.09,0.0186159610748291,psp,hoeffding
412,151200,0.09,2.6121559143066406,ps,rademacher
413,2400,0.09,0.016761064529418945,ps,hoeffding
414,46200,0.09,0.4354698657989502,psp,rademacher
415,2400,0.09,0.013813018798828125,psp,hoeffding
416,36000,0.09,0.56430983543396,ps,rademacher
417,2400,0.09,0.01789402961730957,ps,hoeffding
418,13800,0.09,0.1700289249420166,psp,rademacher
419,2400,0.09,0.017457246780395508,psp,hoeffding
420,151200,0.09,2.7652158737182617,ps,rademacher
421,2400,0.09,0.01459813117980957,ps,hoeffding
422,90600,0.09,0.7303450107574463,psp,rademacher
423,2400,0.09,0.017982959747314453,psp,hoeffding
424,16800,0.09,0.3129558563232422,ps,rademacher
425,2400,0.09,0.014724016189575195,ps,hoeffding
426,23400,0.09,0.18299031257629395,psp,rademacher
427,2400,0.09,0.02011895179748535,psp,hoeffding
428,36000,0.09,0.6219518184661865,ps,rademacher
429,2400,0.09,0.01735091209411621,ps,hoeffding
430,46400,0.09,0.3460240364074707,psp,rademacher
431,2400,0.09,0.01425313949584961,psp,hoeffding
432,74400,0.09,1.038290023803711,ps,rademacher
433,2400,0.09,0.014879941940307617,ps,hoeffding
434,13600,0.09,0.10211515426635742,psp,rademacher
435,2400,0.09,0.017179012298583984,psp,hoeffding
436,7200,0.09,0.07724905014038086,ps,rademacher
437,2400,0.09,0.02206110954284668,ps,hoeffding
438,47300,0.09,0.3589768409729004,psp,rademacher
439,2400,0.09,0.013318300247192383,psp,hoeffding
440,16800,0.09,0.20046710968017578,ps,rademacher
441,2400,0.09,0.020970821380615234,ps,hoeffding
442,46000,0.09,0.35085105895996094,psp,rademacher
443,2400,0.09,0.02228689193725586,psp,hoeffding
444,16800,0.09,0.2021958827972412,ps,rademacher
445,2400,0.09,0.013573169708251953,ps,hoeffding
446,45800,0.09,0.382476806640625,psp,rademacher
447,2400,0.09,0.017830848693847656,psp,hoeffding
448,151200,0.09,2.5745019912719727,ps,rademacher
449,2400,0.09,0.018028974533081055,ps,hoeffding
450,46600,0.09,0.46377015113830566,psp,rademacher
451,2400,0.09,0.023572921752929688,psp,hoeffding
452,74400,0.09,1.2409348487854004,ps,rademacher
453,2400,0.09,0.021815061569213867,ps,hoeffding
454,45800,0.09,0.35693907737731934,psp,rademacher
455,2400,0.09,0.018421649932861328,psp,hoeffding
456,16800,0.09,0.23447108268737793,ps,rademacher
457,2400,0.09,0.03746509552001953,ps,hoeffding
458,12200,0.09,0.14184784889221191,psp,rademacher
459,2400,0.09,0.020930051803588867,psp,hoeffding
460,151200,0.09,2.2233190536499023,ps,rademacher
461,2400,0.09,0.013897180557250977,ps,hoeffding
462,24300,0.09,0.19681310653686523,psp,rademacher
463,2400,0.09,0.017396926879882812,psp,hoeffding
464,36000,0.09,0.4688887596130371,ps,rademacher
465,2400,0.09,0.019539833068847656,ps,hoeffding
466,12400,0.09,0.09028792381286621,psp,rademacher
467,2400,0.09,0.017428874969482422,psp,hoeffding
468,36000,0.09,0.4797940254211426,ps,rademacher
469,2400,0.09,0.023356914520263672,ps,hoeffding
470,6600,0.09,0.05300092697143555,psp,rademacher
471,2400,0.09,0.01594400405883789,psp,hoeffding
472,36000,0.09,0.5756609439849854,ps,rademacher
473,2400,0.09,0.013492107391357422,ps,hoeffding
474,25100,0.09,0.2699429988861084,psp,rademacher
475,2400,0.09,0.025777816772460938,psp,hoeffding
476,74400,0.09,1.049715280532837,ps,rademacher
477,2400,0.09,0.04184985160827637,ps,hoeffding
478,24800,0.09,0.287647008895874,psp,rademacher
479,2400,0.09,0.01821112632751465,psp,hoeffding
480,16800,0.09,0.2062852382659912,ps,rademacher
481,2400,0.09,0.015800952911376953,ps,hoeffding
482,45800,0.09,0.3458271026611328,psp,rademacher
483,2400,0.09,0.017228126525878906,psp,hoeffding
484,16800,0.09,0.1993091106414795,ps,rademacher
485,2400,0.09,0.018466711044311523,ps,hoeffding
486,23500,0.09,0.17347311973571777,psp,rademacher
487,2400,0.09,0.017696142196655273,psp,hoeffding
488,36000,0.09,0.4572880268096924,ps,rademacher
489,2400,0.09,0.019882917404174805,ps,hoeffding
490,23400,0.09,0.17670607566833496,psp,rademacher
491,2400,0.09,0.015053272247314453,psp,hoeffding
492,74400,0.09,0.9836511611938477,ps,rademacher
493,2400,0.09,0.013740062713623047,ps,hoeffding
494,12900,0.09,0.10243892669677734,psp,rademacher
495,2400,0.09,0.018737077713012695,psp,hoeffding
496,16800,0.09,0.19840478897094727,ps,rademacher
497,2400,0.09,0.014299154281616211,ps,hoeffding
498,24600,0.09,0.18582987785339355,psp,rademacher
499,2400,0.09,0.017875194549560547,psp,hoeffding
500,36000,0.09,0.4553561210632324,ps,rademacher
501,2400,0.09,0.023623943328857422,ps,hoeffding
502,91200,0.09,0.6691958904266357,psp,rademacher
503,2400,0.09,0.014130830764770508,psp,hoeffding
504,36000,0.09,0.46106982231140137,ps,rademacher
505,2400,0.09,0.017175912857055664,ps,hoeffding
506,46400,0.09,0.3429388999938965,psp,rademacher
507,2400,0.09,0.014978647232055664,psp,hoeffding
508,36000,0.09,0.4516313076019287,ps,rademacher
509,2400,0.09,0.015434741973876953,ps,hoeffding
510,23400,0.09,0.17016887664794922,psp,rademacher
511,2400,0.09,0.018585205078125,psp,hoeffding
512,36000,0.09,0.4642190933227539,ps,rademacher
513,2400,0.09,0.01355600357055664,ps,hoeffding
514,13800,0.09,0.1028909683227539,psp,rademacher
515,2400,0.09,0.019051074981689453,psp,hoeffding
516,74400,0.09,1.0299241542816162,ps,rademacher
517,2400,0.09,0.018027067184448242,ps,hoeffding
518,24100,0.09,0.22557902336120605,psp,rademacher
519,2400,0.09,0.01664113998413086,psp,hoeffding
520,36000,0.09,0.49660277366638184,ps,rademacher
521,2400,0.09,0.02224421501159668,ps,hoeffding
522,24200,0.09,0.259490966796875,psp,rademacher
523,2400,0.09,0.03264212608337402,psp,hoeffding
524,36000,0.09,0.5961391925811768,ps,rademacher
525,2400,0.09,0.017560720443725586,ps,hoeffding
526,47600,0.09,0.4846000671386719,psp,rademacher
527,2400,0.09,0.013735771179199219,psp,hoeffding
528,36000,0.09,0.5563137531280518,ps,rademacher
529,2400,0.09,0.02677011489868164,ps,hoeffding
530,12200,0.09,0.11994075775146484,psp,rademacher
531,2400,0.09,0.023203134536743164,psp,hoeffding
532,36000,0.09,0.5527088642120361,ps,rademacher
533,2400,0.09,0.022053241729736328,ps,hoeffding
534,23700,0.09,0.190748929977417,psp,rademacher
535,2400,0.09,0.0190887451171875,psp,hoeffding
536,16800,0.09,0.22288203239440918,ps,rademacher
537,2400,0.09,0.017705202102661133,ps,hoeffding
538,91300,0.09,0.9047501087188721,psp,rademacher
539,2400,0.09,0.032507896423339844,psp,hoeffding
540,151200,0.09,2.3862080574035645,ps,rademacher
541,2400,0.09,0.01998305320739746,ps,hoeffding
542,23400,0.09,0.20326709747314453,psp,rademacher
543,2400,0.09,0.014492273330688477,psp,hoeffding
544,36000,0.09,0.4771459102630615,ps,rademacher
545,2400,0.09,0.01875782012939453,ps,hoeffding
546,49600,0.09,0.3849499225616455,psp,rademacher
547,2400,0.09,0.014919042587280273,psp,hoeffding
548,36000,0.09,0.49128103256225586,ps,rademacher
549,2400,0.09,0.01470327377319336,ps,hoeffding
550,24800,0.09,0.2014179229736328,psp,rademacher
551,2400,0.09,0.015386104583740234,psp,hoeffding
552,151200,0.09,2.1645259857177734,ps,rademacher
553,2400,0.09,0.014528989791870117,ps,hoeffding
554,181400,0.09,1.4237990379333496,psp,rademacher
555,2400,0.09,0.019015789031982422,psp,hoeffding
556,36000,0.09,0.48294496536254883,ps,rademacher
557,2400,0.09,0.017197132110595703,ps,hoeffding
558,23400,0.09,0.18337297439575195,psp,rademacher
559,2400,0.09,0.0260159969329834,psp,hoeffding
560,16800,0.09,0.23457098007202148,ps,rademacher
561,2400,0.09,0.03976178169250488,ps,hoeffding
562,23700,0.09,0.21444320678710938,psp,rademacher
563,2400,0.09,0.030328035354614258,psp,hoeffding
564,151200,0.09,2.5826621055603027,ps,rademacher
565,2400,0.09,0.023705244064331055,ps,hoeffding
566,23700,0.09,0.23131799697875977,psp,rademacher
567,2400,0.09,0.021303176879882812,psp,hoeffding
568,36000,0.09,0.5119130611419678,ps,rademacher
569,2400,0.09,0.015583992004394531,ps,hoeffding
570,23800,0.09,0.18714284896850586,psp,rademacher
571,2400,0.09,0.015417098999023438,psp,hoeffding
572,36000,0.09,0.4810810089111328,ps,rademacher
573,2400,0.09,0.019226789474487305,ps,hoeffding
574,45800,0.09,0.36242103576660156,psp,rademacher
575,2400,0.09,0.014037132263183594,psp,hoeffding
576,36000,0.09,0.45620012283325195,ps,rademacher
577,2400,0.09,0.016649961471557617,ps,hoeffding
578,25200,0.09,0.18755388259887695,psp,rademacher
579,2400,0.09,0.01837015151977539,psp,hoeffding
580,16800,0.09,0.20413994789123535,ps,rademacher
581,2400,0.09,0.023502111434936523,ps,hoeffding
582,46500,0.09,0.3546772003173828,psp,rademacher
583,2400,0.09,0.038034915924072266,psp,hoeffding
584,16800,0.09,0.22117304801940918,ps,rademacher
585,2400,0.09,0.02242422103881836,ps,hoeffding
586,23700,0.09,0.17789840698242188,psp,rademacher
587,2400,0.09,0.01645684242248535,psp,hoeffding
588,16800,0.09,0.1955249309539795,ps,rademacher
589,2400,0.09,0.02025604248046875,ps,hoeffding
590,46600,0.09,0.33583498001098633,psp,rademacher
591,2400,0.09,0.02002120018005371,psp,hoeffding
592,36000,0.09,0.4503779411315918,ps,rademacher
593,2400,0.09,0.01987004280090332,ps,hoeffding
594,90600,0.09,0.6597769260406494,psp,rademacher
595,2400,0.09,0.014284849166870117,psp,hoeffding
596,36000,0.09,0.4878079891204834,ps,rademacher
597,2400,0.09,0.01947188377380371,ps,hoeffding
598,12400,0.09,0.0908360481262207,psp,rademacher
599,2400,0.09,0.014455080032348633,psp,hoeffding
600,7200,0.09,0.0765829086303711,ps,rademacher
601,2400,0.09,0.01951313018798828,ps,hoeffding
602,46200,0.09,0.339648962020874,psp,rademacher
603,2400,0.09,0.02220010757446289,psp,hoeffding
604,74400,0.09,0.9833219051361084,ps,rademacher
605,2400,0.09,0.013650894165039062,ps,hoeffding
606,13400,0.09,0.10050511360168457,psp,rademacher
607,2400,0.09,0.017161846160888672,psp,hoeffding
608,16800,0.09,0.1933600902557373,ps,rademacher
609,2400,0.09,0.022928953170776367,ps,hoeffding
610,6900,0.09,0.05365777015686035,psp,rademacher
611,2400,0.09,0.015177011489868164,psp,hoeffding
612,74400,0.09,0.9767389297485352,ps,rademacher
613,2400,0.09,0.01702404022216797,ps,hoeffding
614,23400,0.09,0.17455172538757324,psp,rademacher
615,2400,0.09,0.01472926139831543,psp,hoeffding
616,36000,0.09,0.45383501052856445,ps,rademacher
617,2400,0.09,0.018351078033447266,ps,hoeffding
618,12400,0.09,0.09553837776184082,psp,rademacher
619,2400,0.09,0.01888275146484375,psp,hoeffding
620,16800,0.09,0.1935586929321289,ps,rademacher
621,2400,0.09,0.017107248306274414,ps,hoeffding
622,46000,0.09,0.3404967784881592,psp,rademacher
623,2400,0.09,0.014469146728515625,psp,hoeffding
624,74400,0.09,0.9962642192840576,ps,rademacher
625,2400,0.09,0.01357889175415039,ps,hoeffding
626,27000,0.09,0.2034931182861328,psp,rademacher
627,2400,0.09,0.0166018009185791,psp,hoeffding
628,74400,0.09,0.9848051071166992,ps,rademacher
629,2400,0.09,0.017596006393432617,ps,hoeffding
630,24000,0.09,0.18940997123718262,psp,rademacher
631,2400,0.09,0.0196077823638916,psp,hoeffding
632,36000,0.09,0.49870800971984863,ps,rademacher
633,2400,0.09,0.018807172775268555,ps,hoeffding
634,45800,0.09,0.3410048484802246,psp,rademacher
635,2400,0.09,0.017467021942138672,psp,hoeffding
636,74400,0.09,0.9986298084259033,ps,rademacher
637,2400,0.09,0.013607263565063477,ps,hoeffding
638,90600,0.09,0.6617100238800049,psp,rademacher
639,2400,0.09,0.016443729400634766,psp,hoeffding
640,74400,0.09,0.9905030727386475,ps,rademacher
641,2400,0.09,0.019917011260986328,ps,hoeffding
642,90600,0.09,0.6660728454589844,psp,rademacher
643,2400,0.09,0.013759851455688477,psp,hoeffding
644,36000,0.09,0.46399593353271484,ps,rademacher
645,2400,0.09,0.021287918090820312,ps,hoeffding
646,46800,0.09,0.34305500984191895,psp,rademacher
647,2400,0.09,0.01487278938293457,psp,hoeffding
648,36000,0.09,0.481234073638916,ps,rademacher
649,2400,0.09,0.017019033432006836,ps,hoeffding
650,12900,0.09,0.10033512115478516,psp,rademacher
651,2400,0.09,0.02100992202758789,psp,hoeffding
652,74400,0.09,0.9845457077026367,ps,rademacher
653,2400,0.09,0.016665935516357422,ps,hoeffding
654,23400,0.09,0.1803150177001953,psp,rademacher
655,2400,0.09,0.013030052185058594,psp,hoeffding
656,36000,0.09,0.45992302894592285,ps,rademacher
657,2400,0.09,0.021403074264526367,ps,hoeffding
658,12200,0.09,0.08724498748779297,psp,rademacher
659,2400,0.09,0.021366119384765625,psp,hoeffding
660,16800,0.09,0.21238398551940918,ps,rademacher
661,2400,0.09,0.019750118255615234,ps,hoeffding
662,180800,0.09,1.3450381755828857,psp,rademacher
663,2400,0.09,0.018676042556762695,psp,hoeffding
664,16800,0.09,0.21152901649475098,ps,rademacher
665,2400,0.09,0.020380020141601562,ps,hoeffding
666,45800,0.09,0.3312418460845947,psp,rademacher
667,2400,0.09,0.013310909271240234,psp,hoeffding
668,74400,0.09,1.1098911762237549,ps,rademacher
669,2400,0.09,0.028568029403686523,ps,hoeffding
670,46000,0.09,0.36022400856018066,psp,rademacher
671,2400,0.09,0.02125692367553711,psp,hoeffding
672,36000,0.09,0.5033469200134277,ps,rademacher
673,2400,0.09,0.015836238861083984,ps,hoeffding
674,12800,0.09,0.09748721122741699,psp,rademacher
675,2400,0.09,0.019495010375976562,psp,hoeffding
676,74400,0.09,0.9977002143859863,ps,rademacher
677,2400,0.09,0.018986225128173828,ps,hoeffding
678,90600,0.09,0.7137269973754883,psp,rademacher
679,2400,0.09,0.015501260757446289,psp,hoeffding
680,151200,0.09,2.175550937652588,ps,rademacher
681,2400,0.09,0.01539468765258789,ps,hoeffding
682,24200,0.09,0.18598294258117676,psp,rademacher
683,2400,0.09,0.014564990997314453,psp,hoeffding
684,151200,0.09,2.1579017639160156,ps,rademacher
685,2400,0.09,0.016765832901000977,ps,hoeffding
686,12400,0.09,0.10360217094421387,psp,rademacher
687,2400,0.09,0.019186019897460938,psp,hoeffding
688,36000,0.09,0.45859789848327637,ps,rademacher
689,2400,0.09,0.018327951431274414,ps,hoeffding
690,90800,0.09,0.6873619556427002,psp,rademacher
691,2400,0.09,0.016299009323120117,psp,hoeffding
692,36000,0.09,0.5076780319213867,ps,rademacher
693,2400,0.09,0.014618158340454102,ps,hoeffding
694,23600,0.09,0.1698169708251953,psp,rademacher
695,2400,0.09,0.01945209503173828,psp,hoeffding
696,16800,0.09,0.22254085540771484,ps,rademacher
697,2400,0.09,0.016278982162475586,ps,hoeffding
698,180200,0.09,1.3690202236175537,psp,rademacher
699,2400,0.09,0.017189979553222656,psp,hoeffding
700,74400,0.09,1.0911171436309814,ps,rademacher
701,2400,0.09,0.01848125457763672,ps,hoeffding
702,24900,0.09,0.18463587760925293,psp,rademacher
703,2400,0.09,0.016887187957763672,psp,hoeffding
704,36000,0.09,0.48523592948913574,ps,rademacher
705,2400,0.09,0.01757502555847168,ps,hoeffding
706,12800,0.09,0.11434793472290039,psp,rademacher
707,2400,0.09,0.017527103424072266,psp,hoeffding
708,16800,0.09,0.20612406730651855,ps,rademacher
709,2400,0.09,0.015585184097290039,ps,hoeffding
710,91200,0.09,0.7382359504699707,psp,rademacher
711,2400,0.09,0.02264237403869629,psp,hoeffding
712,74400,0.09,1.071915626525879,ps,rademacher
713,2400,0.09,0.022547006607055664,ps,hoeffding
714,24000,0.09,0.21879100799560547,psp,rademacher
715,2400,0.09,0.013897895812988281,psp,hoeffding
716,36000,0.09,0.4721369743347168,ps,rademacher
717,2400,0.09,0.014250040054321289,ps,hoeffding
718,45800,0.09,0.33491992950439453,psp,rademacher
719,2400,0.09,0.017841815948486328,psp,hoeffding
720,36000,0.09,0.4613020420074463,ps,rademacher
721,2400,0.09,0.014657020568847656,ps,hoeffding
722,45900,0.09,0.3453788757324219,psp,rademacher
723,2400,0.09,0.01333308219909668,psp,hoeffding
724,16800,0.09,0.20757317543029785,ps,rademacher
725,2400,0.09,0.02053380012512207,ps,hoeffding
726,180200,0.09,1.30352783203125,psp,rademacher
727,2400,0.09,0.016017913818359375,psp,hoeffding
728,36000,0.09,0.46398496627807617,ps,rademacher
729,2400,0.09,0.01668691635131836,ps,hoeffding
730,24700,0.09,0.18196392059326172,psp,rademacher
731,2400,0.09,0.015815019607543945,psp,hoeffding
732,36000,0.09,0.46359992027282715,ps,rademacher
733,2400,0.09,0.014863014221191406,ps,hoeffding
734,48200,0.09,0.3660001754760742,psp,rademacher
735,2400,0.09,0.020211219787597656,psp,hoeffding
736,16800,0.09,0.1933279037475586,ps,rademacher
737,2400,0.09,0.019279003143310547,ps,hoeffding
738,91200,0.09,0.6674549579620361,psp,rademacher
739,2400,0.09,0.01477813720703125,psp,hoeffding
740,16800,0.09,0.19993305206298828,ps,rademacher
741,2400,0.09,0.014606952667236328,ps,hoeffding
742,45800,0.09,0.3386659622192383,psp,rademacher
743,2400,0.09,0.01701807975769043,psp,hoeffding
744,36000,0.09,0.4572789669036865,ps,rademacher
745,2400,0.09,0.018333911895751953,ps,hoeffding
746,6600,0.09,0.051481008529663086,psp,rademacher
747,2400,0.09,0.014845132827758789,psp,hoeffding
748,74400,0.09,0.9902260303497314,ps,rademacher
749,2400,0.09,0.016579151153564453,ps,hoeffding
750,23800,0.09,0.17611193656921387,psp,rademacher
751,2400,0.09,0.016242265701293945,psp,hoeffding
752,74400,0.09,1.0445868968963623,ps,rademacher
753,2400,0.09,0.018682241439819336,ps,hoeffding
754,24100,0.09,0.19266414642333984,psp,rademacher
755,2400,0.09,0.018784046173095703,psp,hoeffding
756,16800,0.09,0.2004258632659912,ps,rademacher
757,2400,0.09,0.017853975296020508,ps,hoeffding
758,12200,0.09,0.10392594337463379,psp,rademacher
759,2400,0.09,0.02904200553894043,psp,hoeffding
760,151200,0.09,2.408438205718994,ps,rademacher
761,2400,0.09,0.019205093383789062,ps,hoeffding
762,23800,0.09,0.2032620906829834,psp,rademacher
763,2400,0.09,0.027714014053344727,psp,hoeffding
764,36000,0.09,0.5164589881896973,ps,rademacher
765,2400,0.09,0.018629074096679688,ps,hoeffding
766,23400,0.09,0.19173192977905273,psp,rademacher
767,2400,0.09,0.018615245819091797,psp,hoeffding
768,16800,0.09,0.23178315162658691,ps,rademacher
769,2400,0.09,0.025305747985839844,ps,hoeffding
770,180800,0.09,1.7550458908081055,psp,rademacher
771,2400,0.09,0.016376018524169922,psp,hoeffding
772,74400,0.09,1.2301201820373535,ps,rademacher
773,2400,0.09,0.017960071563720703,ps,hoeffding
774,46400,0.09,0.4179110527038574,psp,rademacher
775,2400,0.09,0.02520608901977539,psp,hoeffding
776,36000,0.09,0.5633678436279297,ps,rademacher
777,2400,0.09,0.013651847839355469,ps,hoeffding
778,12400,0.09,0.12459707260131836,psp,rademacher
779,2400,0.09,0.024722814559936523,psp,hoeffding
780,36000,0.09,0.6353209018707275,ps,rademacher
781,2400,0.09,0.03157615661621094,ps,hoeffding
782,12600,0.09,0.11549210548400879,psp,rademacher
783,2400,0.09,0.03526496887207031,psp,hoeffding
784,16800,0.09,0.26912522315979004,ps,rademacher
785,2400,0.09,0.02404189109802246,ps,hoeffding
786,90600,0.09,0.8158419132232666,psp,rademacher
787,2400,0.09,0.034256935119628906,psp,hoeffding
788,151200,0.09,2.717331886291504,ps,rademacher
789,2400,0.09,0.023998022079467773,ps,hoeffding
790,46700,0.09,0.46746087074279785,psp,rademacher
791,2400,0.09,0.02122807502746582,psp,hoeffding
792,74400,0.09,1.378553867340088,ps,rademacher
793,2400,0.09,0.025456905364990234,ps,hoeffding
794,12900,0.09,0.1587679386138916,psp,rademacher
795,2400,0.09,0.02159905433654785,psp,hoeffding
796,16800,0.09,0.276216983795166,ps,rademacher
797,2400,0.09,0.015113115310668945,ps,hoeffding
798,13700,0.09,0.13464689254760742,psp,rademacher
799,2400,0.09,0.024121999740600586,psp,hoeffding
800,74400,0.08,1.5967669486999512,ps,rademacher
801,2400,0.08,0.02400493621826172,ps,hoeffding
802,92800,0.08,0.9802179336547852,psp,rademacher
803,2400,0.08,0.0347597599029541,psp,hoeffding
804,16800,0.08,0.30036377906799316,ps,rademacher
805,2400,0.08,0.0407259464263916,ps,hoeffding
806,25000,0.08,0.3011162281036377,psp,rademacher
807,2400,0.08,0.023758888244628906,psp,hoeffding
808,36000,0.08,0.6833500862121582,ps,rademacher
809,2400,0.08,0.025905847549438477,ps,hoeffding
810,24000,0.08,0.25457096099853516,psp,rademacher
811,2400,0.08,0.018896818161010742,psp,hoeffding
812,16800,0.08,0.28083109855651855,ps,rademacher
813,2400,0.08,0.024343013763427734,ps,hoeffding
814,23400,0.08,0.25542187690734863,psp,rademacher
815,2400,0.08,0.02764606475830078,psp,hoeffding
816,36000,0.08,0.6552622318267822,ps,rademacher
817,2400,0.08,0.014014244079589844,ps,hoeffding
818,45800,0.08,0.5092098712921143,psp,rademacher
819,2400,0.08,0.04885077476501465,psp,hoeffding
820,16800,0.08,0.3471531867980957,ps,rademacher
821,2400,0.08,0.03129315376281738,ps,hoeffding
822,43600,0.08,0.47812676429748535,psp,rademacher
823,2400,0.08,0.03905892372131348,psp,hoeffding
824,36000,0.08,0.6686892509460449,ps,rademacher
825,2400,0.08,0.017077922821044922,ps,hoeffding
826,48800,0.08,0.6229441165924072,psp,rademacher
827,2400,0.08,0.02328205108642578,psp,hoeffding
828,151200,0.08,3.0761799812316895,ps,rademacher
829,2400,0.08,0.027685165405273438,ps,hoeffding
830,23400,0.08,0.262955904006958,psp,rademacher
831,2400,0.08,0.035223960876464844,psp,hoeffding
832,74400,0.08,1.526855230331421,ps,rademacher
833,2400,0.08,0.022644996643066406,ps,hoeffding
834,23400,0.08,0.2497851848602295,psp,rademacher
835,2400,0.08,0.027591943740844727,psp,hoeffding
836,36000,0.08,0.6992349624633789,ps,rademacher
837,2400,0.08,0.028460979461669922,ps,hoeffding
838,45800,0.08,0.4871182441711426,psp,rademacher
839,2400,0.08,0.02474379539489746,psp,hoeffding
840,74400,0.08,1.4338047504425049,ps,rademacher
841,2400,0.08,0.026212215423583984,ps,hoeffding
842,24000,0.08,0.2581949234008789,psp,rademacher
843,2400,0.08,0.013765096664428711,psp,hoeffding
844,151200,0.08,3.053377151489258,ps,rademacher
845,2400,0.08,0.06540203094482422,ps,hoeffding
846,12200,0.08,0.18509697914123535,psp,rademacher
847,2400,0.08,0.02434992790222168,psp,hoeffding
848,74400,0.08,1.4769787788391113,ps,rademacher
849,2400,0.08,0.03260993957519531,ps,hoeffding
850,24000,0.08,0.260739803314209,psp,rademacher
851,2400,0.08,0.023464202880859375,psp,hoeffding
852,36000,0.08,0.7205357551574707,ps,rademacher
853,2400,0.08,0.02719426155090332,ps,hoeffding
854,180600,0.08,1.8697290420532227,psp,rademacher
855,2400,0.08,0.016114234924316406,psp,hoeffding
856,74400,0.08,1.4111649990081787,ps,rademacher
857,2400,0.08,0.031209945678710938,ps,hoeffding
858,45800,0.08,0.4745490550994873,psp,rademacher
859,2400,0.08,0.02202892303466797,psp,hoeffding
860,36000,0.08,0.6487827301025391,ps,rademacher
861,2400,0.08,0.026066064834594727,ps,hoeffding
862,25200,0.08,0.268934965133667,psp,rademacher
863,2400,0.08,0.026350975036621094,psp,hoeffding
864,74400,0.08,1.444957971572876,ps,rademacher
865,2400,0.08,0.018916845321655273,ps,hoeffding
866,24800,0.08,0.28688693046569824,psp,rademacher
867,2400,0.08,0.024634838104248047,psp,hoeffding
868,74400,0.08,1.7124652862548828,ps,rademacher
869,2400,0.08,0.014223814010620117,ps,hoeffding
870,43500,0.08,0.5419900417327881,psp,rademacher
871,2400,0.08,0.03476715087890625,psp,hoeffding
872,74400,0.08,1.7116401195526123,ps,rademacher
873,2400,0.08,0.03779101371765137,ps,hoeffding
874,23400,0.08,0.2978498935699463,psp,rademacher
875,2400,0.08,0.02461981773376465,psp,hoeffding
876,36000,0.08,0.7840638160705566,ps,rademacher
877,2400,0.08,0.04516315460205078,ps,hoeffding
878,22200,0.08,0.327526330947876,psp,rademacher
879,2400,0.08,0.03056502342224121,psp,hoeffding
880,36000,0.08,0.9187240600585938,ps,rademacher
881,2400,0.08,0.029926776885986328,ps,hoeffding
882,90800,0.08,1.1198978424072266,psp,rademacher
883,2400,0.08,0.03549003601074219,psp,hoeffding
884,36000,0.08,0.7624270915985107,ps,rademacher
885,2400,0.08,0.04429912567138672,ps,hoeffding
886,45800,0.08,0.5479722023010254,psp,rademacher
887,2400,0.08,0.03295612335205078,psp,hoeffding
888,74400,0.08,1.6145269870758057,ps,rademacher
889,2400,0.08,0.01972675323486328,ps,hoeffding
890,23400,0.08,0.28188633918762207,psp,rademacher
891,2400,0.08,0.03467202186584473,psp,hoeffding
892,36000,0.08,0.757321834564209,ps,rademacher
893,2400,0.08,0.02628922462463379,ps,hoeffding
894,23600,0.08,0.30237698554992676,psp,rademacher
895,2400,0.08,0.026933908462524414,psp,hoeffding
896,16800,0.08,0.3268909454345703,ps,rademacher
897,2400,0.08,0.024685144424438477,ps,hoeffding
898,24600,0.08,0.3082723617553711,psp,rademacher
899,2400,0.08,0.026385784149169922,psp,hoeffding
900,36000,0.08,0.8398582935333252,ps,rademacher
901,2400,0.08,0.026087045669555664,ps,hoeffding
902,12200,0.08,0.1532590389251709,psp,rademacher
903,2400,0.08,0.024337053298950195,psp,hoeffding
904,151200,0.08,3.563098907470703,ps,rademacher
905,2400,0.08,0.028565168380737305,ps,hoeffding
906,180800,0.08,2.298935651779175,psp,rademacher
907,2400,0.08,0.023540973663330078,psp,hoeffding
908,16800,0.08,0.3126358985900879,ps,rademacher
909,2400,0.08,0.024693012237548828,ps,hoeffding
910,13400,0.08,0.23312735557556152,psp,rademacher
911,2400,0.08,0.025628089904785156,psp,hoeffding
912,16800,0.08,0.3372809886932373,ps,rademacher
913,2400,0.08,0.022777080535888672,ps,hoeffding
914,180200,0.08,2.123223066329956,psp,rademacher
915,2400,0.08,0.023382186889648438,psp,hoeffding
916,74400,0.08,1.6155409812927246,ps,rademacher
917,2400,0.08,0.04890108108520508,ps,hoeffding
918,23500,0.08,0.27377820014953613,psp,rademacher
919,2400,0.08,0.026597023010253906,psp,hoeffding
920,36000,0.08,0.7163980007171631,ps,rademacher
921,2400,0.08,0.04635190963745117,ps,hoeffding
922,46500,0.08,0.5556809902191162,psp,rademacher
923,2400,0.08,0.022995948791503906,psp,hoeffding
924,74400,0.08,1.63897705078125,ps,rademacher
925,2400,0.08,0.022883176803588867,ps,hoeffding
926,23600,0.08,0.29114198684692383,psp,rademacher
927,2400,0.08,0.016108036041259766,psp,hoeffding
928,36000,0.08,0.7679381370544434,ps,rademacher
929,2400,0.08,0.021333932876586914,ps,hoeffding
930,12200,0.08,0.16212081909179688,psp,rademacher
931,2400,0.08,0.024548768997192383,psp,hoeffding
932,151200,0.08,3.4923057556152344,ps,rademacher
933,2400,0.08,0.025012969970703125,ps,hoeffding
934,23500,0.08,0.3009378910064697,psp,rademacher
935,2400,0.08,0.01335906982421875,psp,hoeffding
936,36000,0.08,0.7634181976318359,ps,rademacher
937,2400,0.08,0.02697587013244629,ps,hoeffding
938,13400,0.08,0.1678159236907959,psp,rademacher
939,2400,0.08,0.0241849422454834,psp,hoeffding
940,36000,0.08,0.771636962890625,ps,rademacher
941,2400,0.08,0.02468585968017578,ps,hoeffding
942,12200,0.08,0.14749693870544434,psp,rademacher
943,2400,0.08,0.027580976486206055,psp,hoeffding
944,7200,0.08,0.11472892761230469,ps,rademacher
945,2400,0.08,0.02482008934020996,ps,hoeffding
946,12200,0.08,0.14551925659179688,psp,rademacher
947,2400,0.08,0.026048898696899414,psp,hoeffding
948,151200,0.08,3.3587450981140137,ps,rademacher
949,2400,0.08,0.024263858795166016,ps,hoeffding
950,23400,0.08,0.284822940826416,psp,rademacher
951,2400,0.08,0.019598960876464844,psp,hoeffding
952,7200,0.08,0.12995576858520508,ps,rademacher
953,2400,0.08,0.033128976821899414,ps,hoeffding
954,23400,0.08,0.29123568534851074,psp,rademacher
955,2400,0.08,0.03214001655578613,psp,hoeffding
956,16800,0.08,0.32674169540405273,ps,rademacher
957,2400,0.08,0.024459123611450195,ps,hoeffding
958,180200,0.08,2.111863136291504,psp,rademacher
959,2400,0.08,0.023951053619384766,psp,hoeffding
960,36000,0.08,0.7209322452545166,ps,rademacher
961,2400,0.08,0.024996042251586914,ps,hoeffding
962,23600,0.08,0.29352712631225586,psp,rademacher
963,2400,0.08,0.023825883865356445,psp,hoeffding
964,36000,0.08,0.9252839088439941,ps,rademacher
965,2400,0.08,0.030369043350219727,ps,hoeffding
966,46500,0.08,0.5908229351043701,psp,rademacher
967,2400,0.08,0.034011125564575195,psp,hoeffding
968,151200,0.08,3.459260940551758,ps,rademacher
969,2400,0.08,0.02000594139099121,ps,hoeffding
970,24000,0.08,0.29773783683776855,psp,rademacher
971,2400,0.08,0.023720979690551758,psp,hoeffding
972,36000,0.08,1.1523702144622803,ps,rademacher
973,2400,0.08,0.042797088623046875,ps,hoeffding
974,47200,0.08,0.582470178604126,psp,rademacher
975,2400,0.08,0.024790048599243164,psp,hoeffding
976,36000,0.08,1.1253719329833984,ps,rademacher
977,2400,0.08,0.03319978713989258,ps,hoeffding
978,12200,0.08,0.17954516410827637,psp,rademacher
979,2400,0.08,0.056947946548461914,psp,hoeffding
980,36000,0.08,0.9039318561553955,ps,rademacher
981,2400,0.08,0.024029254913330078,ps,hoeffding
982,46200,0.08,0.6908531188964844,psp,rademacher
983,2400,0.08,0.0589907169342041,psp,hoeffding
984,74400,0.08,2.104306936264038,ps,rademacher
985,2400,0.08,0.042313337326049805,ps,hoeffding
986,90900,0.08,1.1015348434448242,psp,rademacher
987,2400,0.08,0.023766040802001953,psp,hoeffding
988,16800,0.08,0.34035205841064453,ps,rademacher
989,2400,0.08,0.023334980010986328,ps,hoeffding
990,45800,0.08,0.5292901992797852,psp,rademacher
991,2400,0.08,0.03301095962524414,psp,hoeffding
992,16800,0.08,0.3212318420410156,ps,rademacher
993,2400,0.08,0.023897886276245117,ps,hoeffding
994,23400,0.08,0.28902125358581543,psp,rademacher
995,2400,0.08,0.06851983070373535,psp,hoeffding
996,36000,0.08,1.1948320865631104,ps,rademacher
997,2400,0.08,0.030392885208129883,ps,hoeffding
998,23500,0.08,0.43592190742492676,psp,rademacher
999,2400,0.08,0.03662896156311035,psp,hoeffding
1000,16800,0.08,0.39934706687927246,ps,rademacher
1001,2400,0.08,0.04475808143615723,ps,hoeffding
1002,12900,0.08,0.20915722846984863,psp,rademacher
1003,2400,0.08,0.028719186782836914,psp,hoeffding
1004,74400,0.08,2.0907199382781982,ps,rademacher
1005,2400,0.08,0.02353215217590332,ps,hoeffding
1006,23400,0.08,0.30172228813171387,psp,rademacher
1007,2400,0.08,0.02936077117919922,psp,hoeffding
1008,36000,0.08,0.9211609363555908,ps,rademacher
1009,2400,0.08,0.014404058456420898,ps,hoeffding
1010,12600,0.08,0.2539350986480713,psp,rademacher
1011,2400,0.08,0.034683942794799805,psp,hoeffding
1012,36000,0.08,1.0019268989562988,ps,rademacher
1013,2400,0.08,0.06379008293151855,ps,hoeffding
1014,45800,0.08,0.8061540126800537,psp,rademacher
1015,2400,0.08,0.02776503562927246,psp,hoeffding
1016,74400,0.08,2.1421940326690674,ps,rademacher
1017,2400,0.08,0.038574934005737305,ps,hoeffding
1018,91200,0.08,1.261092185974121,psp,rademacher
1019,2400,0.08,0.02593398094177246,psp,hoeffding
1020,36000,0.08,0.8223779201507568,ps,rademacher
1021,2400,0.08,0.038343191146850586,ps,hoeffding
1022,46500,0.08,0.7604930400848389,psp,rademacher
1023,2400,0.08,0.03194284439086914,psp,hoeffding
1024,151200,0.08,3.9772121906280518,ps,rademacher
1025,2400,0.08,0.04434633255004883,ps,hoeffding
1026,25600,0.08,0.43244290351867676,psp,rademacher
1027,2400,0.08,0.030905961990356445,psp,hoeffding
1028,36000,0.08,0.9467792510986328,ps,rademacher
1029,2400,0.08,0.03295302391052246,ps,hoeffding
1030,24400,0.08,0.3583097457885742,psp,rademacher
1031,2400,0.08,0.054650068283081055,psp,hoeffding
1032,16800,0.08,0.38342881202697754,ps,rademacher
1033,2400,0.08,0.03328204154968262,ps,hoeffding
1034,13100,0.08,0.22215700149536133,psp,rademacher
1035,2400,0.08,0.023569107055664062,psp,hoeffding
1036,36000,0.08,0.8152139186859131,ps,rademacher
1037,2400,0.08,0.023530960083007812,ps,hoeffding
1038,12500,0.08,0.14618873596191406,psp,rademacher
1039,2400,0.08,0.023267030715942383,psp,hoeffding
1040,151200,0.08,3.3713791370391846,ps,rademacher
1041,2400,0.08,0.023126840591430664,ps,hoeffding
1042,46500,0.08,0.5390112400054932,psp,rademacher
1043,2400,0.08,0.027171850204467773,psp,hoeffding
1044,151200,0.08,3.765839099884033,ps,rademacher
1045,2400,0.08,0.03674483299255371,ps,hoeffding
1046,86300,0.08,1.3936820030212402,psp,rademacher
1047,2400,0.08,0.02135014533996582,psp,hoeffding
1048,151200,0.08,3.9360098838806152,ps,rademacher
1049,2400,0.08,0.013962030410766602,ps,hoeffding
1050,24000,0.08,0.3399181365966797,psp,rademacher
1051,2400,0.08,0.03048992156982422,psp,hoeffding
1052,36000,0.08,0.827089786529541,ps,rademacher
1053,2400,0.08,0.023426055908203125,ps,hoeffding
1054,92600,0.08,1.3568060398101807,psp,rademacher
1055,2400,0.08,0.057852745056152344,psp,hoeffding
1056,36000,0.08,1.0196287631988525,ps,rademacher
1057,2400,0.08,0.05582427978515625,ps,hoeffding
1058,180500,0.08,2.807344913482666,psp,rademacher
1059,2400,0.08,0.03669619560241699,psp,hoeffding
1060,36000,0.08,0.9965250492095947,ps,rademacher
1061,2400,0.08,0.024898052215576172,ps,hoeffding
1062,24100,0.08,0.38720059394836426,psp,rademacher
1063,2400,0.08,0.051503896713256836,psp,hoeffding
1064,7200,0.08,0.17102384567260742,ps,rademacher
1065,2400,0.08,0.038620710372924805,ps,hoeffding
1066,46000,0.08,0.7239079475402832,psp,rademacher
1067,2400,0.08,0.03168296813964844,psp,hoeffding
1068,74400,0.08,1.9673829078674316,ps,rademacher
1069,2400,0.08,0.029480934143066406,ps,hoeffding
1070,7200,0.08,0.12155985832214355,psp,rademacher
1071,2400,0.08,0.03470897674560547,psp,hoeffding
1072,16800,0.08,0.40828800201416016,ps,rademacher
1073,2400,0.08,0.04664802551269531,ps,hoeffding
1074,46500,0.08,0.7357780933380127,psp,rademacher
1075,2400,0.08,0.02524590492248535,psp,hoeffding
1076,36000,0.08,0.9299218654632568,ps,rademacher
1077,2400,0.08,0.033477067947387695,ps,hoeffding
1078,24800,0.08,0.37606310844421387,psp,rademacher
1079,2400,0.08,0.030804872512817383,psp,hoeffding
1080,74400,0.08,2.076631784439087,ps,rademacher
1081,2400,0.08,0.02495718002319336,ps,hoeffding
1082,340500,0.08,5.1515052318573,psp,rademacher
1083,2400,0.08,0.05141305923461914,psp,hoeffding
1084,151200,0.08,5.326604127883911,ps,rademacher
1085,2400,0.08,0.028570175170898438,ps,hoeffding
1086,12600,0.08,0.2235698699951172,psp,rademacher
1087,2400,0.08,0.029008150100708008,psp,hoeffding
1088,304800,0.08,10.492500066757202,ps,rademacher
1089,2400,0.08,0.03946495056152344,ps,hoeffding
1090,12200,0.08,0.23315930366516113,psp,rademacher
1091,2400,0.08,0.036756038665771484,psp,hoeffding
1092,151200,0.08,5.385909080505371,ps,rademacher
1093,2400,0.08,0.02574896812438965,ps,hoeffding
1094,12200,0.08,0.26165008544921875,psp,rademacher
1095,2400,0.08,0.0281982421875,psp,hoeffding
1096,74400,0.08,2.5327959060668945,ps,rademacher
1097,2400,0.08,0.027691125869750977,ps,hoeffding
1098,85200,0.08,1.3617570400238037,psp,rademacher
1099,2400,0.08,0.019340038299560547,psp,hoeffding
1100,36000,0.08,0.9189679622650146,ps,rademacher
1101,2400,0.08,0.09198498725891113,ps,hoeffding
1102,23800,0.08,0.4700949192047119,psp,rademacher
1103,2400,0.08,0.07512807846069336,psp,hoeffding
1104,151200,0.08,4.728440046310425,ps,rademacher
1105,2400,0.08,0.030646085739135742,ps,hoeffding
1106,12200,0.08,0.16863417625427246,psp,rademacher
1107,2400,0.08,0.03957700729370117,psp,hoeffding
1108,151200,0.08,4.507569313049316,ps,rademacher
1109,2400,0.08,0.03427577018737793,ps,hoeffding
1110,45800,0.08,0.7093870639801025,psp,rademacher
1111,2400,0.08,0.030334949493408203,psp,hoeffding
1112,36000,0.08,0.8672230243682861,ps,rademacher
1113,2400,0.08,0.032705068588256836,ps,hoeffding
1114,24000,0.08,0.309049129486084,psp,rademacher
1115,2400,0.08,0.02854299545288086,psp,hoeffding
1116,16800,0.08,0.3775789737701416,ps,rademacher
1117,2400,0.08,0.03148603439331055,ps,hoeffding
1118,23700,0.08,0.30312013626098633,psp,rademacher
1119,2400,0.08,0.031022071838378906,psp,hoeffding
1120,74400,0.08,1.8392119407653809,ps,rademacher
1121,2400,0.08,0.02590012550354004,ps,hoeffding
1122,23600,0.08,0.32127833366394043,psp,rademacher
1123,2400,0.08,0.0219571590423584,psp,hoeffding
1124,151200,0.08,3.7157042026519775,ps,rademacher
1125,2400,0.08,0.021861791610717773,ps,hoeffding
1126,23800,0.08,0.305095911026001,psp,rademacher
1127,2400,0.08,0.023662090301513672,psp,hoeffding
1128,74400,0.08,1.7735989093780518,ps,rademacher
1129,2400,0.08,0.042182207107543945,ps,hoeffding
1130,169200,0.08,2.0198287963867188,psp,rademacher
1131,2400,0.08,0.02072286605834961,psp,hoeffding
1132,16800,0.08,0.35741305351257324,ps,rademacher
1133,2400,0.08,0.0211641788482666,ps,hoeffding
1134,24400,0.08,0.31879186630249023,psp,rademacher
1135,2400,0.08,0.024658918380737305,psp,hoeffding
1136,36000,0.08,0.7607722282409668,ps,rademacher
1137,2400,0.08,0.024706125259399414,ps,hoeffding
1138,23400,0.08,0.2954859733581543,psp,rademacher
1139,2400,0.08,0.02363896369934082,psp,hoeffding
1140,7200,0.08,0.12464785575866699,ps,rademacher
1141,2400,0.08,0.03492093086242676,ps,hoeffding
1142,90600,0.08,1.3024470806121826,psp,rademacher
1143,2400,0.08,0.026854276657104492,psp,hoeffding
1144,151200,0.08,3.5811519622802734,ps,rademacher
1145,2400,0.08,0.02171802520751953,ps,hoeffding
1146,46100,0.08,0.5988242626190186,psp,rademacher
1147,2400,0.08,0.03531384468078613,psp,hoeffding
1148,36000,0.08,0.8046679496765137,ps,rademacher
1149,2400,0.08,0.033672332763671875,ps,hoeffding
1150,24500,0.08,0.2994089126586914,psp,rademacher
1151,2400,0.08,0.02483677864074707,psp,hoeffding
1152,36000,0.08,0.8001139163970947,ps,rademacher
1153,2400,0.08,0.03704690933227539,ps,hoeffding
1154,87400,0.08,1.1240441799163818,psp,rademacher
1155,2400,0.08,0.03790116310119629,psp,hoeffding
1156,74400,0.08,1.6970198154449463,ps,rademacher
1157,2400,0.08,0.023062944412231445,ps,hoeffding
1158,91300,0.08,1.1837530136108398,psp,rademacher
1159,2400,0.08,0.0336451530456543,psp,hoeffding
1160,74400,0.08,1.7286410331726074,ps,rademacher
1161,2400,0.08,0.0221707820892334,ps,hoeffding
1162,45800,0.08,0.6246910095214844,psp,rademacher
1163,2400,0.08,0.018548965454101562,psp,hoeffding
1164,151200,0.08,3.6281607151031494,ps,rademacher
1165,2400,0.08,0.02218008041381836,ps,hoeffding
1166,85200,0.08,1.1041138172149658,psp,rademacher
1167,2400,0.08,0.02826666831970215,psp,hoeffding
1168,7200,0.08,0.15824198722839355,ps,rademacher
1169,2400,0.08,0.0294649600982666,ps,hoeffding
1170,91800,0.08,1.1782689094543457,psp,rademacher
1171,2400,0.08,0.03551197052001953,psp,hoeffding
1172,151200,0.08,3.708482027053833,ps,rademacher
1173,2400,0.08,0.043211936950683594,ps,hoeffding
1174,24200,0.08,0.3928539752960205,psp,rademacher
1175,2400,0.08,0.029963970184326172,psp,hoeffding
1176,74400,0.08,1.7250146865844727,ps,rademacher
1177,2400,0.08,0.041604042053222656,ps,hoeffding
1178,24000,0.08,0.31073594093322754,psp,rademacher
1179,2400,0.08,0.04091286659240723,psp,hoeffding
1180,16800,0.08,0.5166110992431641,ps,rademacher
1181,2400,0.08,0.03333306312561035,ps,hoeffding
1182,23800,0.08,0.2910008430480957,psp,rademacher
1183,2400,0.08,0.024456262588500977,psp,hoeffding
1184,74400,0.08,1.6614089012145996,ps,rademacher
1185,2400,0.08,0.03769397735595703,ps,hoeffding
1186,23700,0.08,0.27932310104370117,psp,rademacher
1187,2400,0.08,0.030222177505493164,psp,hoeffding
1188,151200,0.08,3.4534499645233154,ps,rademacher
1189,2400,0.08,0.03875589370727539,ps,hoeffding
1190,91000,0.08,1.3246707916259766,psp,rademacher
1191,2400,0.08,0.021562814712524414,psp,hoeffding
1192,16800,0.08,0.3732140064239502,ps,rademacher
1193,2400,0.08,0.014548063278198242,ps,hoeffding
1194,91000,0.08,1.3760440349578857,psp,rademacher
1195,2400,0.08,0.02094411849975586,psp,hoeffding
1196,16800,0.08,0.3447988033294678,ps,rademacher
1197,2400,0.08,0.017596960067749023,ps,hoeffding
1198,180300,0.08,2.602548122406006,psp,rademacher
1199,2400,0.08,0.03900599479675293,psp,hoeffding
1200,74400,0.07,2.0606257915496826,ps,rademacher
1201,2400,0.07,0.02015995979309082,ps,hoeffding
1202,23600,0.07,0.3205702304840088,psp,rademacher
1203,2400,0.07,0.029928922653198242,psp,hoeffding
1204,36000,0.07,0.9164218902587891,ps,rademacher
1205,2400,0.07,0.03064703941345215,ps,hoeffding
1206,91200,0.07,1.2006042003631592,psp,rademacher
1207,2400,0.07,0.03396177291870117,psp,hoeffding
1208,74400,0.07,1.9408149719238281,ps,rademacher
1209,2400,0.07,0.016455888748168945,ps,hoeffding
1210,46400,0.07,0.6642310619354248,psp,rademacher
1211,2400,0.07,0.04202699661254883,psp,hoeffding
1212,74400,0.07,1.9247570037841797,ps,rademacher
1213,2400,0.07,0.02501988410949707,ps,hoeffding
1214,23600,0.07,0.31258106231689453,psp,rademacher
1215,2400,0.07,0.035305023193359375,psp,hoeffding
1216,74400,0.07,1.8048529624938965,ps,rademacher
1217,2400,0.07,0.01356816291809082,ps,hoeffding
1218,87800,0.07,1.1192970275878906,psp,rademacher
1219,2400,0.07,0.026793956756591797,psp,hoeffding
1220,74400,0.07,1.702373743057251,ps,rademacher
1221,2400,0.07,0.025806903839111328,ps,hoeffding
1222,180200,0.07,2.325218915939331,psp,rademacher
1223,2400,0.07,0.023463964462280273,psp,hoeffding
1224,74400,0.07,1.6974210739135742,ps,rademacher
1225,2400,0.07,0.02204585075378418,ps,hoeffding
1226,12400,0.07,0.1534121036529541,psp,rademacher
1227,2400,0.07,0.024242877960205078,psp,hoeffding
1228,151200,0.07,3.5785770416259766,ps,rademacher
1229,2400,0.07,0.014456033706665039,ps,hoeffding
1230,90600,0.07,1.1648938655853271,psp,rademacher
1231,2400,0.07,0.024721860885620117,psp,hoeffding
1232,16800,0.07,0.34032607078552246,ps,rademacher
1233,2400,0.07,0.02686285972595215,ps,hoeffding
1234,86500,0.07,1.1141128540039062,psp,rademacher
1235,2400,0.07,0.035830020904541016,psp,hoeffding
1236,36000,0.07,0.7972939014434814,ps,rademacher
1237,2400,0.07,0.02321481704711914,ps,hoeffding
1238,92100,0.07,1.1799440383911133,psp,rademacher
1239,2400,0.07,0.030201196670532227,psp,hoeffding
1240,304800,0.07,7.3849937915802,ps,rademacher
1241,2400,0.07,0.03329634666442871,ps,hoeffding
1242,23400,0.07,0.41359400749206543,psp,rademacher
1243,2400,0.07,0.03612709045410156,psp,hoeffding
1244,304800,0.07,7.757201910018921,ps,rademacher
1245,2400,0.07,0.013950109481811523,ps,hoeffding
1246,12200,0.07,0.15953516960144043,psp,rademacher
1247,2400,0.07,0.02504110336303711,psp,hoeffding
1248,151200,0.07,3.9700963497161865,ps,rademacher
1249,2400,0.07,0.03861713409423828,ps,hoeffding
1250,24800,0.07,0.3113241195678711,psp,rademacher
1251,2400,0.07,0.023392200469970703,psp,hoeffding
1252,16800,0.07,0.41813206672668457,ps,rademacher
1253,2400,0.07,0.040872812271118164,ps,hoeffding
1254,44200,0.07,0.50813889503479,psp,rademacher
1255,2400,0.07,0.023166894912719727,psp,hoeffding
1256,612000,0.07,14.068987131118774,ps,rademacher
1257,2400,0.07,0.028146982192993164,ps,hoeffding
1258,91600,0.07,1.0902988910675049,psp,rademacher
1259,2400,0.07,0.04092812538146973,psp,hoeffding
1260,151200,0.07,3.2697010040283203,ps,rademacher
1261,2400,0.07,0.023478984832763672,ps,hoeffding
1262,90600,0.07,1.0495619773864746,psp,rademacher
1263,2400,0.07,0.03848600387573242,psp,hoeffding
1264,36000,0.07,0.7347981929779053,ps,rademacher
1265,2400,0.07,0.03362584114074707,ps,hoeffding
1266,90900,0.07,1.087934970855713,psp,rademacher
1267,2400,0.07,0.023013830184936523,psp,hoeffding
1268,16800,0.07,0.3068690299987793,ps,rademacher
1269,2400,0.07,0.023458003997802734,ps,hoeffding
1270,23400,0.07,0.28090715408325195,psp,rademacher
1271,2400,0.07,0.023465871810913086,psp,hoeffding
1272,151200,0.07,3.7975287437438965,ps,rademacher
1273,2400,0.07,0.023576974868774414,ps,hoeffding
1274,23400,0.07,0.30655479431152344,psp,rademacher
1275,2400,0.07,0.026257991790771484,psp,hoeffding
1276,74400,0.07,1.9027771949768066,ps,rademacher
1277,2400,0.07,0.044029951095581055,ps,hoeffding
1278,46600,0.07,0.6316449642181396,psp,rademacher
1279,2400,0.07,0.023747920989990234,psp,hoeffding
1280,36000,0.07,0.9280369281768799,ps,rademacher
1281,2400,0.07,0.03704190254211426,ps,hoeffding
1282,86100,0.07,1.2722628116607666,psp,rademacher
1283,2400,0.07,0.024981021881103516,psp,hoeffding
1284,36000,0.07,0.8218748569488525,ps,rademacher
1285,2400,0.07,0.025640010833740234,ps,hoeffding
1286,46200,0.07,0.6432607173919678,psp,rademacher
1287,2400,0.07,0.03428387641906738,psp,hoeffding
1288,36000,0.07,0.8101258277893066,ps,rademacher
1289,2400,0.07,0.028243064880371094,ps,hoeffding
1290,46600,0.07,0.60028076171875,psp,rademacher
1291,2400,0.07,0.0260622501373291,psp,hoeffding
1292,74400,0.07,1.7017052173614502,ps,rademacher
1293,2400,0.07,0.022991657257080078,ps,hoeffding
1294,169200,0.07,2.2305908203125,psp,rademacher
1295,2400,0.07,0.04682302474975586,psp,hoeffding
1296,151200,0.07,4.442841053009033,ps,rademacher
1297,2400,0.07,0.023785114288330078,ps,hoeffding
1298,88200,0.07,1.3646609783172607,psp,rademacher
1299,2400,0.07,0.024733304977416992,psp,hoeffding
1300,74400,0.07,1.9203548431396484,ps,rademacher
1301,2400,0.07,0.024834156036376953,ps,hoeffding
1302,92200,0.07,1.1192150115966797,psp,rademacher
1303,2400,0.07,0.026946067810058594,psp,hoeffding
1304,74400,0.07,1.6791660785675049,ps,rademacher
1305,2400,0.07,0.02558279037475586,ps,hoeffding
1306,87600,0.07,1.1254379749298096,psp,rademacher
1307,2400,0.07,0.015213966369628906,psp,hoeffding
1308,74400,0.07,1.5652718544006348,ps,rademacher
1309,2400,0.07,0.024004697799682617,ps,hoeffding
1310,46400,0.07,0.5609920024871826,psp,rademacher
1311,2400,0.07,0.04349112510681152,psp,hoeffding
1312,74400,0.07,1.865750789642334,ps,rademacher
1313,2400,0.07,0.022947072982788086,ps,hoeffding
1314,171200,0.07,2.0417568683624268,psp,rademacher
1315,2400,0.07,0.023263931274414062,psp,hoeffding
1316,36000,0.07,0.7574009895324707,ps,rademacher
1317,2400,0.07,0.034667015075683594,ps,hoeffding
1318,46400,0.07,0.5693492889404297,psp,rademacher
1319,2400,0.07,0.03193998336791992,psp,hoeffding
1320,74400,0.07,1.5652048587799072,ps,rademacher
1321,2400,0.07,0.0342259407043457,ps,hoeffding
1322,23500,0.07,0.2847433090209961,psp,rademacher
1323,2400,0.07,0.03197908401489258,psp,hoeffding
1324,74400,0.07,1.5999550819396973,ps,rademacher
1325,2400,0.07,0.023591041564941406,ps,hoeffding
1326,47200,0.07,0.5692639350891113,psp,rademacher
1327,2400,0.07,0.02324819564819336,psp,hoeffding
1328,304800,0.07,6.686361789703369,ps,rademacher
1329,2400,0.07,0.023147106170654297,ps,hoeffding
1330,87600,0.07,1.0667381286621094,psp,rademacher
1331,2400,0.07,0.038374900817871094,psp,hoeffding
1332,74400,0.07,1.5905542373657227,ps,rademacher
1333,2400,0.07,0.023308992385864258,ps,hoeffding
1334,12600,0.07,0.14111709594726562,psp,rademacher
1335,2400,0.07,0.024675846099853516,psp,hoeffding
1336,74400,0.07,1.5406858921051025,ps,rademacher
1337,2400,0.07,0.023066043853759766,ps,hoeffding
1338,47400,0.07,0.548480749130249,psp,rademacher
1339,2400,0.07,0.024821043014526367,psp,hoeffding
1340,74400,0.07,1.5620090961456299,ps,rademacher
1341,2400,0.07,0.023947954177856445,ps,hoeffding
1342,46400,0.07,0.5504751205444336,psp,rademacher
1343,2400,0.07,0.0333561897277832,psp,hoeffding
1344,36000,0.07,0.7154948711395264,ps,rademacher
1345,2400,0.07,0.023534059524536133,ps,hoeffding
1346,180600,0.07,2.1075851917266846,psp,rademacher
1347,2400,0.07,0.03387093544006348,psp,hoeffding
1348,74400,0.07,1.5453948974609375,ps,rademacher
1349,2400,0.07,0.02382183074951172,ps,hoeffding
1350,23200,0.07,0.27599000930786133,psp,rademacher
1351,2400,0.07,0.027734041213989258,psp,hoeffding
1352,36000,0.07,0.7234501838684082,ps,rademacher
1353,2400,0.07,0.01669597625732422,ps,hoeffding
1354,45000,0.07,0.5284981727600098,psp,rademacher
1355,2400,0.07,0.03297781944274902,psp,hoeffding
1356,36000,0.07,0.7073118686676025,ps,rademacher
1357,2400,0.07,0.023260116577148438,ps,hoeffding
1358,180800,0.07,2.09891414642334,psp,rademacher
1359,2400,0.07,0.019959688186645508,psp,hoeffding
1360,16800,0.07,0.3105781078338623,ps,rademacher
1361,2400,0.07,0.023415803909301758,ps,hoeffding
1362,85200,0.07,0.9646179676055908,psp,rademacher
1363,2400,0.07,0.033019065856933594,psp,hoeffding
1364,74400,0.07,1.5595760345458984,ps,rademacher
1365,2400,0.07,0.023581266403198242,ps,hoeffding
1366,24000,0.07,0.2925262451171875,psp,rademacher
1367,2400,0.07,0.03450489044189453,psp,hoeffding
1368,36000,0.07,0.7096090316772461,ps,rademacher
1369,2400,0.07,0.023432016372680664,ps,hoeffding
1370,45800,0.07,0.5220358371734619,psp,rademacher
1371,2400,0.07,0.025986194610595703,psp,hoeffding
1372,36000,0.07,0.7411978244781494,ps,rademacher
1373,2400,0.07,0.033293724060058594,ps,hoeffding
1374,85800,0.07,0.9856319427490234,psp,rademacher
1375,2400,0.07,0.02321481704711914,psp,hoeffding
1376,74400,0.07,1.5503058433532715,ps,rademacher
1377,2400,0.07,0.034206390380859375,ps,hoeffding
1378,46700,0.07,0.5480411052703857,psp,rademacher
1379,2400,0.07,0.033064842224121094,psp,hoeffding
1380,612000,0.07,13.542572736740112,ps,rademacher
1381,2400,0.07,0.015288114547729492,ps,hoeffding
1382,47600,0.07,0.5509629249572754,psp,rademacher
1383,2400,0.07,0.0335240364074707,psp,hoeffding
1384,36000,0.07,0.7105081081390381,ps,rademacher
1385,2400,0.07,0.02326679229736328,ps,hoeffding
1386,23400,0.07,0.26272106170654297,psp,rademacher
1387,2400,0.07,0.025491952896118164,psp,hoeffding
1388,16800,0.07,0.31757068634033203,ps,rademacher
1389,2400,0.07,0.031839847564697266,ps,hoeffding
1390,88400,0.07,1.029797077178955,psp,rademacher
1391,2400,0.07,0.02339768409729004,psp,hoeffding
1392,151200,0.07,3.2422449588775635,ps,rademacher
1393,2400,0.07,0.023203134536743164,ps,hoeffding
1394,23800,0.07,0.2707240581512451,psp,rademacher
1395,2400,0.07,0.025784015655517578,psp,hoeffding
1396,36000,0.07,0.7068862915039062,ps,rademacher
1397,2400,0.07,0.03348803520202637,ps,hoeffding
1398,45800,0.07,0.5264599323272705,psp,rademacher
1399,2400,0.07,0.02293086051940918,psp,hoeffding
1400,74400,0.07,1.532689094543457,ps,rademacher
1401,2400,0.07,0.022925853729248047,ps,hoeffding
1402,23400,0.07,0.2645261287689209,psp,rademacher
1403,2400,0.07,0.023416996002197266,psp,hoeffding
1404,36000,0.07,0.7047240734100342,ps,rademacher
1405,2400,0.07,0.033683061599731445,ps,hoeffding
1406,90800,0.07,1.0237889289855957,psp,rademacher
1407,2400,0.07,0.023387908935546875,psp,hoeffding
1408,74400,0.07,1.653346061706543,ps,rademacher
1409,2400,0.07,0.0234832763671875,ps,hoeffding
1410,338000,0.07,3.867579221725464,psp,rademacher
1411,2400,0.07,0.02051401138305664,psp,hoeffding
1412,304800,0.07,6.6894447803497314,ps,rademacher
1413,2400,0.07,0.03386092185974121,ps,hoeffding
1414,91400,0.07,1.0946710109710693,psp,rademacher
1415,2400,0.07,0.023717880249023438,psp,hoeffding
1416,74400,0.07,1.5358381271362305,ps,rademacher
1417,2400,0.07,0.02338695526123047,ps,hoeffding
1418,45800,0.07,0.522672176361084,psp,rademacher
1419,2400,0.07,0.02358722686767578,psp,hoeffding
1420,151200,0.07,3.2498698234558105,ps,rademacher
1421,2400,0.07,0.023821115493774414,ps,hoeffding
1422,24600,0.07,0.28281497955322266,psp,rademacher
1423,2400,0.07,0.03431510925292969,psp,hoeffding
1424,36000,0.07,0.7064568996429443,ps,rademacher
1425,2400,0.07,0.020247220993041992,ps,hoeffding
1426,92000,0.07,1.0698678493499756,psp,rademacher
1427,2400,0.07,0.033215999603271484,psp,hoeffding
1428,151200,0.07,3.1898698806762695,ps,rademacher
1429,2400,0.07,0.02849721908569336,ps,hoeffding
1430,46400,0.07,0.5460250377655029,psp,rademacher
1431,2400,0.07,0.0278317928314209,psp,hoeffding
1432,16800,0.07,0.29892826080322266,ps,rademacher
1433,2400,0.07,0.023443222045898438,ps,hoeffding
1434,25400,0.07,0.3029618263244629,psp,rademacher
1435,2400,0.07,0.03409290313720703,psp,hoeffding
1436,16800,0.07,0.3038499355316162,ps,rademacher
1437,2400,0.07,0.02356719970703125,ps,hoeffding
1438,12500,0.07,0.1414778232574463,psp,rademacher
1439,2400,0.07,0.02489185333251953,psp,hoeffding
1440,36000,0.07,0.714073657989502,ps,rademacher
1441,2400,0.07,0.03341102600097656,ps,hoeffding
1442,24000,0.07,0.28142809867858887,psp,rademacher
1443,2400,0.07,0.025805950164794922,psp,hoeffding
1444,36000,0.07,0.707493782043457,ps,rademacher
1445,2400,0.07,0.023649930953979492,ps,hoeffding
1446,90600,0.07,1.0376949310302734,psp,rademacher
1447,2400,0.07,0.03334379196166992,psp,hoeffding
1448,74400,0.07,1.5432558059692383,ps,rademacher
1449,2400,0.07,0.018420934677124023,ps,hoeffding
1450,45800,0.07,0.5783119201660156,psp,rademacher
1451,2400,0.07,0.03344011306762695,psp,hoeffding
1452,74400,0.07,1.5285930633544922,ps,rademacher
1453,2400,0.07,0.02427387237548828,ps,hoeffding
1454,47300,0.07,0.5893900394439697,psp,rademacher
1455,2400,0.07,0.024277925491333008,psp,hoeffding
1456,304800,0.07,6.673569202423096,ps,rademacher
1457,2400,0.07,0.03629803657531738,ps,hoeffding
1458,85700,0.07,1.0055179595947266,psp,rademacher
1459,2400,0.07,0.023877859115600586,psp,hoeffding
1460,151200,0.07,3.215317964553833,ps,rademacher
1461,2400,0.07,0.02322983741760254,ps,hoeffding
1462,45800,0.07,0.5290160179138184,psp,rademacher
1463,2400,0.07,0.021918296813964844,psp,hoeffding
1464,151200,0.07,3.210914134979248,ps,rademacher
1465,2400,0.07,0.023987770080566406,ps,hoeffding
1466,169000,0.07,1.9460728168487549,psp,rademacher
1467,2400,0.07,0.0232388973236084,psp,hoeffding
1468,36000,0.07,0.7151877880096436,ps,rademacher
1469,2400,0.07,0.034644365310668945,ps,hoeffding
1470,47000,0.07,0.5420112609863281,psp,rademacher
1471,2400,0.07,0.024051904678344727,psp,hoeffding
1472,151200,0.07,3.1822519302368164,ps,rademacher
1473,2400,0.07,0.02309584617614746,ps,hoeffding
1474,180200,0.07,2.0509891510009766,psp,rademacher
1475,2400,0.07,0.028800010681152344,psp,hoeffding
1476,151200,0.07,3.2217118740081787,ps,rademacher
1477,2400,0.07,0.03735685348510742,ps,hoeffding
1478,23400,0.07,0.2780120372772217,psp,rademacher
1479,2400,0.07,0.023796796798706055,psp,hoeffding
1480,151200,0.07,3.2827839851379395,ps,rademacher
1481,2400,0.07,0.013316154479980469,ps,hoeffding
1482,24200,0.07,0.2829711437225342,psp,rademacher
1483,2400,0.07,0.033807992935180664,psp,hoeffding
1484,74400,0.07,1.5348420143127441,ps,rademacher
1485,2400,0.07,0.02303314208984375,ps,hoeffding
1486,46100,0.07,0.548271894454956,psp,rademacher
1487,2400,0.07,0.023040056228637695,psp,hoeffding
1488,16800,0.07,0.31165099143981934,ps,rademacher
1489,2400,0.07,0.023457050323486328,ps,hoeffding
1490,91600,0.07,1.0491890907287598,psp,rademacher
1491,2400,0.07,0.03313803672790527,psp,hoeffding
1492,16800,0.07,0.29990077018737793,ps,rademacher
1493,2400,0.07,0.019484996795654297,ps,hoeffding
1494,23400,0.07,0.26877379417419434,psp,rademacher
1495,2400,0.07,0.023052215576171875,psp,hoeffding
1496,36000,0.07,0.7075650691986084,ps,rademacher
1497,2400,0.07,0.02301311492919922,ps,hoeffding
1498,93700,0.07,1.083272933959961,psp,rademacher
1499,2400,0.07,0.024042129516601562,psp,hoeffding
1500,74400,0.07,1.5355498790740967,ps,rademacher
1501,2400,0.07,0.03405404090881348,ps,hoeffding
1502,45800,0.07,0.5382869243621826,psp,rademacher
1503,2400,0.07,0.03344273567199707,psp,hoeffding
1504,151200,0.07,3.215167999267578,ps,rademacher
1505,2400,0.07,0.0435640811920166,ps,hoeffding
1506,95200,0.07,1.0937738418579102,psp,rademacher
1507,2400,0.07,0.020257949829101562,psp,hoeffding
1508,16800,0.07,0.30182409286499023,ps,rademacher
1509,2400,0.07,0.02621173858642578,ps,hoeffding
1510,93000,0.07,1.068099021911621,psp,rademacher
1511,2400,0.07,0.02407217025756836,psp,hoeffding
1512,151200,0.07,3.199976921081543,ps,rademacher
1513,2400,0.07,0.02371692657470703,ps,hoeffding
1514,85800,0.07,1.0107886791229248,psp,rademacher
1515,2400,0.07,0.033473968505859375,psp,hoeffding
1516,16800,0.07,0.3023409843444824,ps,rademacher
1517,2400,0.07,0.02350902557373047,ps,hoeffding
1518,91000,0.07,1.0465149879455566,psp,rademacher
1519,2400,0.07,0.023422956466674805,psp,hoeffding
1520,74400,0.07,1.5365431308746338,ps,rademacher
1521,2400,0.07,0.02345895767211914,ps,hoeffding
1522,45800,0.07,0.5271940231323242,psp,rademacher
1523,2400,0.07,0.023389101028442383,psp,hoeffding
1524,36000,0.07,0.7152190208435059,ps,rademacher
1525,2400,0.07,0.02309703826904297,ps,hoeffding
1526,24000,0.07,0.27784299850463867,psp,rademacher
1527,2400,0.07,0.03402519226074219,psp,hoeffding
1528,36000,0.07,0.7221040725708008,ps,rademacher
1529,2400,0.07,0.03204464912414551,ps,hoeffding
1530,85400,0.07,0.9870102405548096,psp,rademacher
1531,2400,0.07,0.023367881774902344,psp,hoeffding
1532,151200,0.07,3.2541041374206543,ps,rademacher
1533,2400,0.07,0.027544736862182617,ps,hoeffding
1534,22800,0.07,0.28046417236328125,psp,rademacher
1535,2400,0.07,0.0257720947265625,psp,hoeffding
1536,36000,0.07,0.7065410614013672,ps,rademacher
1537,2400,0.07,0.033247947692871094,ps,hoeffding
1538,92100,0.07,1.0730869770050049,psp,rademacher
1539,2400,0.07,0.031213998794555664,psp,hoeffding
1540,74400,0.07,1.5832619667053223,ps,rademacher
1541,2400,0.07,0.03333616256713867,ps,hoeffding
1542,48000,0.07,0.5752720832824707,psp,rademacher
1543,2400,0.07,0.033281803131103516,psp,hoeffding
1544,74400,0.07,1.5298659801483154,ps,rademacher
1545,2400,0.07,0.02338099479675293,ps,hoeffding
1546,90600,0.07,1.0488049983978271,psp,rademacher
1547,2400,0.07,0.020689725875854492,psp,hoeffding
1548,74400,0.07,1.5298380851745605,ps,rademacher
1549,2400,0.07,0.028341054916381836,ps,hoeffding
1550,23700,0.07,0.28253602981567383,psp,rademacher
1551,2400,0.07,0.023938894271850586,psp,hoeffding
1552,36000,0.07,0.7170732021331787,ps,rademacher
1553,2400,0.07,0.03378415107727051,ps,hoeffding
1554,46800,0.07,0.5577452182769775,psp,rademacher
1555,2400,0.07,0.02553272247314453,psp,hoeffding
1556,16800,0.07,0.301908016204834,ps,rademacher
1557,2400,0.07,0.023262977600097656,ps,hoeffding
1558,91600,0.07,1.0514469146728516,psp,rademacher
1559,2400,0.07,0.023405075073242188,psp,hoeffding
1560,16800,0.07,0.3035399913787842,ps,rademacher
1561,2400,0.07,0.03337693214416504,ps,hoeffding
1562,335200,0.07,3.876659393310547,psp,rademacher
1563,2400,0.07,0.03368782997131348,psp,hoeffding
1564,36000,0.07,0.7201089859008789,ps,rademacher
1565,2400,0.07,0.022936105728149414,ps,hoeffding
1566,46400,0.07,0.5523357391357422,psp,rademacher
1567,2400,0.07,0.033019065856933594,psp,hoeffding
1568,304800,0.07,6.606165170669556,ps,rademacher
1569,2400,0.07,0.023136138916015625,ps,hoeffding
1570,23400,0.07,0.2690911293029785,psp,rademacher
1571,2400,0.07,0.02339625358581543,psp,hoeffding
1572,36000,0.07,0.7033019065856934,ps,rademacher
1573,2400,0.07,0.013825178146362305,ps,hoeffding
1574,24800,0.07,0.2852909564971924,psp,rademacher
1575,2400,0.07,0.03363299369812012,psp,hoeffding
1576,36000,0.07,0.7277266979217529,ps,rademacher
1577,2400,0.07,0.03384828567504883,ps,hoeffding
1578,12300,0.07,0.15770816802978516,psp,rademacher
1579,2400,0.07,0.034677982330322266,psp,hoeffding
1580,74400,0.07,1.5486159324645996,ps,rademacher
1581,2400,0.07,0.02365708351135254,ps,hoeffding
1582,46100,0.07,0.5726139545440674,psp,rademacher
1583,2400,0.07,0.023184776306152344,psp,hoeffding
1584,16800,0.07,0.3076343536376953,ps,rademacher
1585,2400,0.07,0.02762007713317871,ps,hoeffding
1586,87400,0.07,1.0072667598724365,psp,rademacher
1587,2400,0.07,0.023392915725708008,psp,hoeffding
1588,151200,0.07,3.306518077850342,ps,rademacher
1589,2400,0.07,0.033590078353881836,ps,hoeffding
1590,46800,0.07,0.5427272319793701,psp,rademacher
1591,2400,0.07,0.023139238357543945,psp,hoeffding
1592,151200,0.07,3.2367048263549805,ps,rademacher
1593,2400,0.07,0.022990942001342773,ps,hoeffding
1594,91300,0.07,1.0492782592773438,psp,rademacher
1595,2400,0.07,0.03365302085876465,psp,hoeffding
1596,304800,0.07,6.620595216751099,ps,rademacher
1597,2400,0.07,0.025128841400146484,ps,hoeffding
1598,172100,0.07,1.9870109558105469,psp,rademacher
1599,2400,0.07,0.033721208572387695,psp,hoeffding
1600,151200,0.06,3.2596678733825684,ps,rademacher
1601,2400,0.06,0.021870851516723633,ps,hoeffding
1602,337000,0.06,3.891835927963257,psp,rademacher
1603,2400,0.06,0.02316117286682129,psp,hoeffding
1604,16800,0.06,0.2982769012451172,ps,rademacher
1605,2400,0.06,0.02312302589416504,ps,hoeffding
1606,337300,0.06,3.8698201179504395,psp,rademacher
1607,2400,0.06,0.023204803466796875,psp,hoeffding
1608,36000,0.06,0.7184422016143799,ps,rademacher
1609,2400,0.06,0.033136844635009766,ps,hoeffding
1610,87400,0.06,1.0346689224243164,psp,rademacher
1611,2400,0.06,0.03269815444946289,psp,hoeffding
1612,151200,0.06,3.218869924545288,ps,rademacher
1613,2400,0.06,0.023166894912719727,ps,hoeffding
1614,180900,0.06,2.052406072616577,psp,rademacher
1615,2400,0.06,0.023163318634033203,psp,hoeffding
1616,151200,0.06,3.230954885482788,ps,rademacher
1617,2400,0.06,0.034915924072265625,ps,hoeffding
1618,23400,0.06,0.27608704566955566,psp,rademacher
1619,2400,0.06,0.035431861877441406,psp,hoeffding
1620,151200,0.06,3.226489782333374,ps,rademacher
1621,2400,0.06,0.02360701560974121,ps,hoeffding
1622,44500,0.06,0.5106136798858643,psp,rademacher
1623,2400,0.06,0.01666712760925293,psp,hoeffding
1624,16800,0.06,0.30382728576660156,ps,rademacher
1625,2400,0.06,0.02390289306640625,ps,hoeffding
1626,44200,0.06,0.5119659900665283,psp,rademacher
1627,2400,0.06,0.023897171020507812,psp,hoeffding
1628,74400,0.06,1.5381319522857666,ps,rademacher
1629,2400,0.06,0.023181915283203125,ps,hoeffding
1630,170400,0.06,1.9406940937042236,psp,rademacher
1631,2400,0.06,0.023736238479614258,psp,hoeffding
1632,304800,0.06,6.629262924194336,ps,rademacher
1633,2400,0.06,0.0234220027923584,ps,hoeffding
1634,23700,0.06,0.2810649871826172,psp,rademacher
1635,2400,0.06,0.023932933807373047,psp,hoeffding
1636,74400,0.06,1.541693925857544,ps,rademacher
1637,2400,0.06,0.023196935653686523,ps,hoeffding
1638,87000,0.06,1.0113599300384521,psp,rademacher
1639,2400,0.06,0.022833824157714844,psp,hoeffding
1640,304800,0.06,6.703978061676025,ps,rademacher
1641,2400,0.06,0.023293018341064453,ps,hoeffding
1642,46100,0.06,0.5305700302124023,psp,rademacher
1643,2400,0.06,0.02319788932800293,psp,hoeffding
1644,151200,0.06,3.2334160804748535,ps,rademacher
1645,2400,0.06,0.025239944458007812,ps,hoeffding
1646,175600,0.06,2.006502866744995,psp,rademacher
1647,2400,0.06,0.0241239070892334,psp,hoeffding
1648,74400,0.06,1.548637866973877,ps,rademacher
1649,2400,0.06,0.023438215255737305,ps,hoeffding
1650,174400,0.06,2.00163197517395,psp,rademacher
1651,2400,0.06,0.02369213104248047,psp,hoeffding
1652,612000,0.06,13.46768069267273,ps,rademacher
1653,2400,0.06,0.03330683708190918,ps,hoeffding
1654,90600,0.06,1.053084135055542,psp,rademacher
1655,2400,0.06,0.02321791648864746,psp,hoeffding
1656,304800,0.06,6.80085015296936,ps,rademacher
1657,2400,0.06,0.023283958435058594,ps,hoeffding
1658,23800,0.06,0.26843905448913574,psp,rademacher
1659,2400,0.06,0.023380041122436523,psp,hoeffding
1660,612000,0.06,13.326275110244751,ps,rademacher
1661,2400,0.06,0.022156953811645508,ps,hoeffding
1662,85000,0.06,0.8735771179199219,psp,rademacher
1663,2400,0.06,0.019495010375976562,psp,hoeffding
1664,74400,0.06,1.3880960941314697,ps,rademacher
1665,2400,0.06,0.02260303497314453,ps,hoeffding
1666,92900,0.06,0.9420409202575684,psp,rademacher
1667,2400,0.06,0.021439790725708008,psp,hoeffding
1668,74400,0.06,1.3631198406219482,ps,rademacher
1669,2400,0.06,0.029531240463256836,ps,hoeffding
1670,85800,0.06,0.8923220634460449,psp,rademacher
1671,2400,0.06,0.018656253814697266,psp,hoeffding
1672,151200,0.06,2.8926570415496826,ps,rademacher
1673,2400,0.06,0.014876365661621094,ps,hoeffding
1674,24000,0.06,0.24782896041870117,psp,rademacher
1675,2400,0.06,0.018166065216064453,psp,hoeffding
1676,74400,0.06,1.39235520362854,ps,rademacher
1677,2400,0.06,0.024171829223632812,ps,hoeffding
1678,25200,0.06,0.27028703689575195,psp,rademacher
1679,2400,0.06,0.03737282752990723,psp,hoeffding
1680,74400,0.06,1.3978917598724365,ps,rademacher
1681,2400,0.06,0.020501136779785156,ps,hoeffding
1682,24000,0.06,0.25794219970703125,psp,rademacher
1683,2400,0.06,0.03007197380065918,psp,hoeffding
1684,74400,0.06,1.3570160865783691,ps,rademacher
1685,2400,0.06,0.016012907028198242,ps,hoeffding
1686,23400,0.06,0.25555896759033203,psp,rademacher
1687,2400,0.06,0.027939796447753906,psp,hoeffding
1688,74400,0.06,1.3923959732055664,ps,rademacher
1689,2400,0.06,0.032464027404785156,ps,hoeffding
1690,45800,0.06,0.45867276191711426,psp,rademacher
1691,2400,0.06,0.024622201919555664,psp,hoeffding
1692,36000,0.06,0.6053829193115234,ps,rademacher
1693,2400,0.06,0.020411014556884766,ps,hoeffding
1694,85600,0.06,0.8998808860778809,psp,rademacher
1695,2400,0.06,0.023133039474487305,psp,hoeffding
1696,612000,0.06,11.87921404838562,ps,rademacher
1697,2400,0.06,0.023661136627197266,ps,hoeffding
1698,12200,0.06,0.12914013862609863,psp,rademacher
1699,2400,0.06,0.020003795623779297,psp,hoeffding
1700,16800,0.06,0.26975369453430176,ps,rademacher
1701,2400,0.06,0.0317080020904541,ps,hoeffding
1702,91200,0.06,0.9119830131530762,psp,rademacher
1703,2400,0.06,0.024830102920532227,psp,hoeffding
1704,74400,0.06,1.3325629234313965,ps,rademacher
1705,2400,0.06,0.02122020721435547,ps,hoeffding
1706,91200,0.06,0.9210288524627686,psp,rademacher
1707,2400,0.06,0.02189016342163086,psp,hoeffding
1708,36000,0.06,0.6315577030181885,ps,rademacher
1709,2400,0.06,0.029195070266723633,ps,hoeffding
1710,181400,0.06,1.8290009498596191,psp,rademacher
1711,2400,0.06,0.023247957229614258,psp,hoeffding
1712,151200,0.06,2.8296098709106445,ps,rademacher
1713,2400,0.06,0.02344965934753418,ps,hoeffding
1714,24600,0.06,0.2553367614746094,psp,rademacher
1715,2400,0.06,0.020658016204833984,psp,hoeffding
1716,74400,0.06,1.3397808074951172,ps,rademacher
1717,2400,0.06,0.017295122146606445,ps,hoeffding
1718,24000,0.06,0.2580738067626953,psp,rademacher
1719,2400,0.06,0.017302989959716797,psp,hoeffding
1720,36000,0.06,0.6414229869842529,ps,rademacher
1721,2400,0.06,0.02220010757446289,ps,hoeffding
1722,23400,0.06,0.23802590370178223,psp,rademacher
1723,2400,0.06,0.02132892608642578,psp,hoeffding
1724,74400,0.06,1.340973138809204,ps,rademacher
1725,2400,0.06,0.026578903198242188,ps,hoeffding
1726,13800,0.06,0.15313291549682617,psp,rademacher
1727,2400,0.06,0.014908790588378906,psp,hoeffding
1728,74400,0.06,1.347865104675293,ps,rademacher
1729,2400,0.06,0.02005600929260254,ps,hoeffding
1730,172000,0.06,1.7498438358306885,psp,rademacher
1731,2400,0.06,0.023031949996948242,psp,hoeffding
1732,612000,0.06,11.878129243850708,ps,rademacher
1733,2400,0.06,0.02766108512878418,ps,hoeffding
1734,43600,0.06,0.44521498680114746,psp,rademacher
1735,2400,0.06,0.01694488525390625,psp,hoeffding
1736,16800,0.06,0.26478004455566406,ps,rademacher
1737,2400,0.06,0.023823022842407227,ps,hoeffding
1738,24800,0.06,0.26374197006225586,psp,rademacher
1739,2400,0.06,0.019770145416259766,psp,hoeffding
1740,151200,0.06,2.8364288806915283,ps,rademacher
1741,2400,0.06,0.02924489974975586,ps,hoeffding
1742,46000,0.06,0.46935200691223145,psp,rademacher
1743,2400,0.06,0.0285189151763916,psp,hoeffding
1744,151200,0.06,2.8481311798095703,ps,rademacher
1745,2400,0.06,0.019881010055541992,ps,hoeffding
1746,25000,0.06,0.2475740909576416,psp,rademacher
1747,2400,0.06,0.02169489860534668,psp,hoeffding
1748,74400,0.06,1.350982904434204,ps,rademacher
1749,2400,0.06,0.02112889289855957,ps,hoeffding
1750,45800,0.06,0.45390796661376953,psp,rademacher
1751,2400,0.06,0.01959395408630371,psp,hoeffding
1752,74400,0.06,1.3433201313018799,ps,rademacher
1753,2400,0.06,0.01701498031616211,ps,hoeffding
1754,44200,0.06,0.4513850212097168,psp,rademacher
1755,2400,0.06,0.021912813186645508,psp,hoeffding
1756,304800,0.06,5.853076934814453,ps,rademacher
1757,2400,0.06,0.02284097671508789,ps,hoeffding
1758,46500,0.06,0.4701559543609619,psp,rademacher
1759,2400,0.06,0.020003080368041992,psp,hoeffding
1760,74400,0.06,1.3438050746917725,ps,rademacher
1761,2400,0.06,0.01950812339782715,ps,hoeffding
1762,46900,0.06,0.475600004196167,psp,rademacher
1763,2400,0.06,0.024331092834472656,psp,hoeffding
1764,74400,0.06,1.3543157577514648,ps,rademacher
1765,2400,0.06,0.022480010986328125,ps,hoeffding
1766,46200,0.06,0.4609248638153076,psp,rademacher
1767,2400,0.06,0.02236795425415039,psp,hoeffding
1768,74400,0.06,1.3298380374908447,ps,rademacher
1769,2400,0.06,0.02099919319152832,ps,hoeffding
1770,173800,0.06,1.7604129314422607,psp,rademacher
1771,2400,0.06,0.02879810333251953,psp,hoeffding
1772,151200,0.06,2.805241107940674,ps,rademacher
1773,2400,0.06,0.018584012985229492,ps,hoeffding
1774,90900,0.06,0.9018030166625977,psp,rademacher
1775,2400,0.06,0.023593902587890625,psp,hoeffding
1776,151200,0.06,2.8123891353607178,ps,rademacher
1777,2400,0.06,0.024415016174316406,ps,hoeffding
1778,88600,0.06,0.8916549682617188,psp,rademacher
1779,2400,0.06,0.028627872467041016,psp,hoeffding
1780,36000,0.06,0.6230649948120117,ps,rademacher
1781,2400,0.06,0.020543336868286133,ps,hoeffding
1782,91500,0.06,0.9083828926086426,psp,rademacher
1783,2400,0.06,0.01996898651123047,psp,hoeffding
1784,304800,0.06,5.871445894241333,ps,rademacher
1785,2400,0.06,0.022951126098632812,ps,hoeffding
1786,24400,0.06,0.2515232563018799,psp,rademacher
1787,2400,0.06,0.017881155014038086,psp,hoeffding
1788,36000,0.06,0.6343319416046143,ps,rademacher
1789,2400,0.06,0.026013851165771484,ps,hoeffding
1790,23400,0.06,0.23670387268066406,psp,rademacher
1791,2400,0.06,0.030063867568969727,psp,hoeffding
1792,151200,0.06,2.8448309898376465,ps,rademacher
1793,2400,0.06,0.033753156661987305,ps,hoeffding
1794,93700,0.06,0.9557709693908691,psp,rademacher
1795,2400,0.06,0.025568008422851562,psp,hoeffding
1796,151200,0.06,2.8453528881073,ps,rademacher
1797,2400,0.06,0.0342249870300293,ps,hoeffding
1798,335000,0.06,3.4075639247894287,psp,rademacher
1799,2400,0.06,0.022804975509643555,psp,hoeffding
1800,151200,0.06,2.8237459659576416,ps,rademacher
1801,2400,0.06,0.02262401580810547,ps,hoeffding
1802,24800,0.06,0.25075292587280273,psp,rademacher
1803,2400,0.06,0.02397608757019043,psp,hoeffding
1804,151200,0.06,2.839634895324707,ps,rademacher
1805,2400,0.06,0.028346776962280273,ps,hoeffding
1806,360900,0.06,3.6598358154296875,psp,rademacher
1807,2400,0.06,0.02129507064819336,psp,hoeffding
1808,74400,0.06,1.3735651969909668,ps,rademacher
1809,2400,0.06,0.02169013023376465,ps,hoeffding
1810,86400,0.06,0.8754229545593262,psp,rademacher
1811,2400,0.06,0.02336406707763672,psp,hoeffding
1812,304800,0.06,5.765658855438232,ps,rademacher
1813,2400,0.06,0.02276897430419922,ps,hoeffding
1814,88000,0.06,0.8840639591217041,psp,rademacher
1815,2400,0.06,0.023179054260253906,psp,hoeffding
1816,36000,0.06,0.6281459331512451,ps,rademacher
1817,2400,0.06,0.02012324333190918,ps,hoeffding
1818,46400,0.06,0.47450709342956543,psp,rademacher
1819,2400,0.06,0.03040003776550293,psp,hoeffding
1820,304800,0.06,5.859863042831421,ps,rademacher
1821,2400,0.06,0.027040958404541016,ps,hoeffding
1822,340400,0.06,3.399648904800415,psp,rademacher
1823,2400,0.06,0.02606487274169922,psp,hoeffding
1824,304800,0.06,5.851140022277832,ps,rademacher
1825,2400,0.06,0.017406940460205078,ps,hoeffding
1826,46200,0.06,0.48157382011413574,psp,rademacher
1827,2400,0.06,0.0229189395904541,psp,hoeffding
1828,16800,0.06,0.26255297660827637,ps,rademacher
1829,2400,0.06,0.026335954666137695,ps,hoeffding
1830,23400,0.06,0.23128080368041992,psp,rademacher
1831,2400,0.06,0.02131509780883789,psp,hoeffding
1832,36000,0.06,0.6146397590637207,ps,rademacher
1833,2400,0.06,0.024066925048828125,ps,hoeffding
1834,91600,0.06,0.9121799468994141,psp,rademacher
1835,2400,0.06,0.03577613830566406,psp,hoeffding
1836,612000,0.06,11.857798099517822,ps,rademacher
1837,2400,0.06,0.02318286895751953,ps,hoeffding
1838,85800,0.06,0.8867738246917725,psp,rademacher
1839,2400,0.06,0.018754005432128906,psp,hoeffding
1840,16800,0.06,0.2660102844238281,ps,rademacher
1841,2400,0.06,0.02484416961669922,ps,hoeffding
1842,46000,0.06,0.4725320339202881,psp,rademacher
1843,2400,0.06,0.022051095962524414,psp,hoeffding
1844,36000,0.06,0.611257791519165,ps,rademacher
1845,2400,0.06,0.019160032272338867,ps,hoeffding
1846,46500,0.06,0.4954111576080322,psp,rademacher
1847,2400,0.06,0.025101900100708008,psp,hoeffding
1848,151200,0.06,2.8206000328063965,ps,rademacher
1849,2400,0.06,0.02301025390625,ps,hoeffding
1850,341800,0.06,3.480883836746216,psp,rademacher
1851,2400,0.06,0.026706933975219727,psp,hoeffding
1852,74400,0.06,1.3470449447631836,ps,rademacher
1853,2400,0.06,0.019299983978271484,ps,hoeffding
1854,12900,0.06,0.13983607292175293,psp,rademacher
1855,2400,0.06,0.02832794189453125,psp,hoeffding
1856,151200,0.06,2.8079333305358887,ps,rademacher
1857,2400,0.06,0.02805185317993164,ps,hoeffding
1858,90600,0.06,0.9172570705413818,psp,rademacher
1859,2400,0.06,0.02030777931213379,psp,hoeffding
1860,151200,0.06,2.8411378860473633,ps,rademacher
1861,2400,0.06,0.018754959106445312,ps,hoeffding
1862,169000,0.06,1.682995080947876,psp,rademacher
1863,2400,0.06,0.021807193756103516,psp,hoeffding
1864,36000,0.06,0.6221592426300049,ps,rademacher
1865,2400,0.06,0.02733588218688965,ps,hoeffding
1866,84700,0.06,0.8703601360321045,psp,rademacher
1867,2400,0.06,0.023288965225219727,psp,hoeffding
1868,74400,0.06,1.3295540809631348,ps,rademacher
1869,2400,0.06,0.03476357460021973,ps,hoeffding
1870,23400,0.06,0.24270415306091309,psp,rademacher
1871,2400,0.06,0.026140928268432617,psp,hoeffding
1872,74400,0.06,1.364884853363037,ps,rademacher
1873,2400,0.06,0.02189493179321289,ps,hoeffding
1874,24000,0.06,0.24041008949279785,psp,rademacher
1875,2400,0.06,0.04476809501647949,psp,hoeffding
1876,151200,0.06,2.8212552070617676,ps,rademacher
1877,2400,0.06,0.01930689811706543,ps,hoeffding
1878,85000,0.06,0.8815851211547852,psp,rademacher
1879,2400,0.06,0.01912212371826172,psp,hoeffding
1880,304800,0.06,5.777339220046997,ps,rademacher
1881,2400,0.06,0.022430896759033203,ps,hoeffding
1882,172500,0.06,1.722233772277832,psp,rademacher
1883,2400,0.06,0.0187070369720459,psp,hoeffding
1884,304800,0.06,5.914362907409668,ps,rademacher
1885,2400,0.06,0.022109270095825195,ps,hoeffding
1886,45800,0.06,0.46863722801208496,psp,rademacher
1887,2400,0.06,0.020631074905395508,psp,hoeffding
1888,16800,0.06,0.2648811340332031,ps,rademacher
1889,2400,0.06,0.02024102210998535,ps,hoeffding
1890,46100,0.06,0.4827871322631836,psp,rademacher
1891,2400,0.06,0.02234792709350586,psp,hoeffding
1892,612000,0.06,11.878801107406616,ps,rademacher
1893,2400,0.06,0.022325992584228516,ps,hoeffding
1894,90600,0.06,0.9120769500732422,psp,rademacher
1895,2400,0.06,0.02026224136352539,psp,hoeffding
1896,36000,0.06,0.6283557415008545,ps,rademacher
1897,2400,0.06,0.018335342407226562,ps,hoeffding
1898,85000,0.06,0.8505511283874512,psp,rademacher
1899,2400,0.06,0.023374080657958984,psp,hoeffding
1900,151200,0.06,2.7949230670928955,ps,rademacher
1901,2400,0.06,0.022511005401611328,ps,hoeffding
1902,169800,0.06,1.7254838943481445,psp,rademacher
1903,2400,0.06,0.028506755828857422,psp,hoeffding
1904,151200,0.06,2.8256640434265137,ps,rademacher
1905,2400,0.06,0.02427983283996582,ps,hoeffding
1906,45600,0.06,0.4686758518218994,psp,rademacher
1907,2400,0.06,0.020689964294433594,psp,hoeffding
1908,36000,0.06,0.6238317489624023,ps,rademacher
1909,2400,0.06,0.014248371124267578,ps,hoeffding
1910,24800,0.06,0.25800299644470215,psp,rademacher
1911,2400,0.06,0.0233309268951416,psp,hoeffding
1912,151200,0.06,2.8683857917785645,ps,rademacher
1913,2400,0.06,0.030691862106323242,ps,hoeffding
1914,46500,0.06,0.47437500953674316,psp,rademacher
1915,2400,0.06,0.023665904998779297,psp,hoeffding
1916,16800,0.06,0.26259517669677734,ps,rademacher
1917,2400,0.06,0.016851186752319336,ps,hoeffding
1918,45900,0.06,0.45668578147888184,psp,rademacher
1919,2400,0.06,0.023081064224243164,psp,hoeffding
1920,151200,0.06,2.8003110885620117,ps,rademacher
1921,2400,0.06,0.023723125457763672,ps,hoeffding
1922,360800,0.06,3.604006290435791,psp,rademacher
1923,2400,0.06,0.028277873992919922,psp,hoeffding
1924,36000,0.06,0.6221048831939697,ps,rademacher
1925,2400,0.06,0.0224759578704834,ps,hoeffding
1926,46400,0.06,0.4669928550720215,psp,rademacher
1927,2400,0.06,0.022958755493164062,psp,hoeffding
1928,151200,0.06,2.8241899013519287,ps,rademacher
1929,2400,0.06,0.021430015563964844,ps,hoeffding
1930,167500,0.06,1.6577188968658447,psp,rademacher
1931,2400,0.06,0.02417612075805664,psp,hoeffding
1932,74400,0.06,1.3476879596710205,ps,rademacher
1933,2400,0.06,0.023405075073242188,ps,hoeffding
1934,180400,0.06,1.811279058456421,psp,rademacher
1935,2400,0.06,0.01781916618347168,psp,hoeffding
1936,151200,0.06,2.808924913406372,ps,rademacher
1937,2400,0.06,0.01948690414428711,ps,hoeffding
1938,181600,0.06,1.8321387767791748,psp,rademacher
1939,2400,0.06,0.02363109588623047,psp,hoeffding
1940,74400,0.06,1.3364231586456299,ps,rademacher
1941,2400,0.06,0.01983499526977539,ps,hoeffding
1942,43500,0.06,0.44377708435058594,psp,rademacher
1943,2400,0.06,0.018503904342651367,psp,hoeffding
1944,74400,0.06,1.3574929237365723,ps,rademacher
1945,2400,0.06,0.024229049682617188,ps,hoeffding
1946,46000,0.06,0.47544407844543457,psp,rademacher
1947,2400,0.06,0.026520252227783203,psp,hoeffding
1948,74400,0.06,1.3624272346496582,ps,rademacher
1949,2400,0.06,0.027585983276367188,ps,hoeffding
1950,90600,0.06,0.9297888278961182,psp,rademacher
1951,2400,0.06,0.01866292953491211,psp,hoeffding
1952,36000,0.06,0.6236608028411865,ps,rademacher
1953,2400,0.06,0.023363113403320312,ps,hoeffding
1954,23400,0.06,0.24013996124267578,psp,rademacher
1955,2400,0.06,0.02378988265991211,psp,hoeffding
1956,304800,0.06,5.84786581993103,ps,rademacher
1957,2400,0.06,0.025999069213867188,ps,hoeffding
1958,23300,0.06,0.24501872062683105,psp,rademacher
1959,2400,0.06,0.02834796905517578,psp,hoeffding
1960,36000,0.06,0.6204729080200195,ps,rademacher
1961,2400,0.06,0.022110939025878906,ps,hoeffding
1962,337000,0.06,3.3974239826202393,psp,rademacher
1963,2400,0.06,0.02330613136291504,psp,hoeffding
1964,612000,0.06,11.865699052810669,ps,rademacher
1965,2400,0.06,0.02106499671936035,ps,hoeffding
1966,47800,0.06,0.5154728889465332,psp,rademacher
1967,2400,0.06,0.02714085578918457,psp,hoeffding
1968,16800,0.06,0.2761111259460449,ps,rademacher
1969,2400,0.06,0.023797035217285156,ps,hoeffding
1970,45800,0.06,0.47069311141967773,psp,rademacher
1971,2400,0.06,0.020350933074951172,psp,hoeffding
1972,36000,0.06,0.6804509162902832,ps,rademacher
1973,2400,0.06,0.02644205093383789,ps,hoeffding
1974,169600,0.06,1.742492914199829,psp,rademacher
1975,2400,0.06,0.016029834747314453,psp,hoeffding
1976,74400,0.06,1.3816211223602295,ps,rademacher
1977,2400,0.06,0.028764009475708008,ps,hoeffding
1978,24100,0.06,0.24496912956237793,psp,rademacher
1979,2400,0.06,0.02263927459716797,psp,hoeffding
1980,304800,0.06,5.8976521492004395,ps,rademacher
1981,2400,0.06,0.02323007583618164,ps,hoeffding
1982,93900,0.06,1.0044710636138916,psp,rademacher
1983,2400,0.06,0.024045944213867188,psp,hoeffding
1984,151200,0.06,2.931896924972534,ps,rademacher
1985,2400,0.06,0.022871017456054688,ps,hoeffding
1986,2400,0.06,0.023666858673095703,psp,hoeffding
1987,151200,0.06,2.893688917160034,ps,rademacher
1988,2400,0.06,0.02120804786682129,ps,hoeffding
1989,13600,0.06,0.14508795738220215,psp,rademacher
1990,2400,0.06,0.023910999298095703,psp,hoeffding
1991,36000,0.06,0.6227951049804688,ps,rademacher
1992,2400,0.06,0.021029949188232422,ps,hoeffding
1993,87400,0.06,0.8893320560455322,psp,rademacher
1994,2400,0.06,0.023468732833862305,psp,hoeffding
1995,74400,0.06,1.360879898071289,ps,rademacher
1996,2400,0.06,0.02897500991821289,ps,hoeffding
1997,23800,0.06,0.2508411407470703,psp,rademacher
1998,2400,0.06,0.021996021270751953,psp,hoeffding
1999,74400,0.05,1.3327031135559082,ps,rademacher
2000,2400,0.05,0.03461313247680664,ps,hoeffding
2001,85400,0.05,0.8868567943572998,psp,rademacher
2002,2400,0.05,0.027066946029663086,psp,hoeffding
2003,304800,0.05,5.9927449226379395,ps,rademacher
2004,2400,0.05,0.020576000213623047,ps,hoeffding
2005,174700,0.05,1.8201122283935547,psp,rademacher
2006,2400,0.05,0.021404266357421875,psp,hoeffding
2007,74400,0.05,1.3910319805145264,ps,rademacher
2008,2400,0.05,0.032575130462646484,ps,hoeffding
2009,170600,0.05,1.720310926437378,psp,rademacher
2010,2400,0.05,0.033213138580322266,psp,hoeffding
2011,16800,0.05,0.26297616958618164,ps,rademacher
2012,2400,0.05,0.021381139755249023,ps,hoeffding
2013,87400,0.05,0.8880178928375244,psp,rademacher
2014,2400,0.05,0.021319866180419922,psp,hoeffding
2015,151200,0.05,2.8564248085021973,ps,rademacher
2016,2400,0.05,0.01592397689819336,ps,hoeffding
2017,169100,0.05,1.7108428478240967,psp,rademacher
2018,2400,0.05,0.023144960403442383,psp,hoeffding
2019,151200,0.05,2.883452892303467,ps,rademacher
2020,2400,0.05,0.02182912826538086,ps,hoeffding
2021,43400,0.05,0.4504201412200928,psp,rademacher
2022,2400,0.05,0.026193857192993164,psp,hoeffding
2023,304800,0.05,5.782483100891113,ps,rademacher
2024,2400,0.05,0.02118396759033203,ps,hoeffding
2025,169000,0.05,1.707597017288208,psp,rademacher
2026,2400,0.05,0.022852182388305664,psp,hoeffding
2027,16800,0.05,0.27770495414733887,ps,rademacher
2028,2400,0.05,0.029974937438964844,ps,hoeffding
2029,23900,0.05,0.252810001373291,psp,rademacher
2030,2400,0.05,0.019234895706176758,psp,hoeffding
2031,304800,0.05,5.909535884857178,ps,rademacher
2032,2400,0.05,0.020920991897583008,ps,hoeffding
2033,87400,0.05,0.8967537879943848,psp,rademacher
2034,2400,0.05,0.03275489807128906,psp,hoeffding
2035,36000,0.05,0.6154000759124756,ps,rademacher
2036,2400,0.05,0.019495010375976562,ps,hoeffding
2037,46600,0.05,0.48127102851867676,psp,rademacher
2038,2400,0.05,0.02954888343811035,psp,hoeffding
2039,151200,0.05,2.811094045639038,ps,rademacher
2040,2400,0.05,0.021978139877319336,ps,hoeffding
2041,90600,0.05,0.9032638072967529,psp,rademacher
2042,2400,0.05,0.014852762222290039,psp,hoeffding
2043,304800,0.05,5.80318808555603,ps,rademacher
2044,2400,0.05,0.03159594535827637,ps,hoeffding
2045,85700,0.05,0.8514242172241211,psp,rademacher
2046,2400,0.05,0.028315067291259766,psp,hoeffding
2047,304800,0.05,5.870499849319458,ps,rademacher
2048,2400,0.05,0.02264714241027832,ps,hoeffding
2049,169300,0.05,1.7043569087982178,psp,rademacher
2050,2400,0.05,0.02038288116455078,psp,hoeffding
2051,151200,0.05,2.8097620010375977,ps,rademacher
2052,2400,0.05,0.025249958038330078,ps,hoeffding
2053,86400,0.05,0.8725221157073975,psp,rademacher
2054,2400,0.05,0.028006792068481445,psp,hoeffding
2055,74400,0.05,1.3504269123077393,ps,rademacher
2056,2400,0.05,0.02248406410217285,ps,hoeffding
2057,90700,0.05,0.9233880043029785,psp,rademacher
2058,2400,0.05,0.032389163970947266,psp,hoeffding
2059,151200,0.05,2.7895548343658447,ps,rademacher
2060,2400,0.05,0.02024388313293457,ps,hoeffding
2061,87000,0.05,0.8701620101928711,psp,rademacher
2062,2400,0.05,0.031028032302856445,psp,hoeffding
2063,151200,0.05,2.8486249446868896,ps,rademacher
2064,2400,0.05,0.020825862884521484,ps,hoeffding
2065,91000,0.05,0.9234638214111328,psp,rademacher
2066,2400,0.05,0.02547311782836914,psp,hoeffding
2067,151200,0.05,2.850252151489258,ps,rademacher
2068,2400,0.05,0.020042896270751953,ps,hoeffding
2069,337000,0.05,3.414424180984497,psp,rademacher
2070,2400,0.05,0.031641244888305664,psp,hoeffding
2071,74400,0.05,1.37221360206604,ps,rademacher
2072,2400,0.05,0.028496742248535156,ps,hoeffding
2073,23500,0.05,0.24417901039123535,psp,rademacher
2074,2400,0.05,0.020442962646484375,psp,hoeffding
2075,151200,0.05,2.8175699710845947,ps,rademacher
2076,2400,0.05,0.019240140914916992,ps,hoeffding
2077,172500,0.05,1.7392771244049072,psp,rademacher
2078,2400,0.05,0.01935100555419922,psp,hoeffding
2079,74400,0.05,1.3693633079528809,ps,rademacher
2080,2400,0.05,0.029507875442504883,ps,hoeffding
2081,340600,0.05,3.3946878910064697,psp,rademacher
2082,2400,0.05,0.018866777420043945,psp,hoeffding
2083,74400,0.05,1.3414812088012695,ps,rademacher
2084,2400,0.05,0.017459392547607422,ps,hoeffding
2085,44500,0.05,0.4544370174407959,psp,rademacher
2086,2400,0.05,0.021442890167236328,psp,hoeffding
2087,36000,0.05,0.6248600482940674,ps,rademacher
2088,2400,0.05,0.02310776710510254,ps,hoeffding
2089,90800,0.05,0.908454179763794,psp,rademacher
2090,2400,0.05,0.022808074951171875,psp,hoeffding
2091,304800,0.05,5.8135881423950195,ps,rademacher
2092,2400,0.05,0.01828622817993164,ps,hoeffding
2093,87600,0.05,0.895604133605957,psp,rademacher
2094,2400,0.05,0.03243398666381836,psp,hoeffding
2095,151200,0.05,2.7935359477996826,ps,rademacher
2096,2400,0.05,0.02177715301513672,ps,hoeffding
2097,23400,0.05,0.23436379432678223,psp,rademacher
2098,2400,0.05,0.021297931671142578,psp,hoeffding
2099,74400,0.05,1.359611988067627,ps,rademacher
2100,2400,0.05,0.023301124572753906,ps,hoeffding
2101,336000,0.05,3.346801996231079,psp,rademacher
2102,2400,0.05,0.02825784683227539,psp,hoeffding
2103,74400,0.05,1.3695108890533447,ps,rademacher
2104,2400,0.05,0.024028778076171875,ps,hoeffding
2105,86000,0.05,0.8669929504394531,psp,rademacher
2106,2400,0.05,0.022089004516601562,psp,hoeffding
2107,151200,0.05,3.0245840549468994,ps,rademacher
2108,2400,0.05,0.031469106674194336,ps,hoeffding
2109,23400,0.05,0.332442045211792,psp,rademacher
2110,2400,0.05,0.030126094818115234,psp,hoeffding
2111,151200,0.05,3.1274681091308594,ps,rademacher
2112,2400,0.05,0.024465084075927734,ps,hoeffding
2113,90600,0.05,0.9643487930297852,psp,rademacher
2114,2400,0.05,0.017808914184570312,psp,hoeffding
2115,304800,0.05,5.8575499057769775,ps,rademacher
2116,2400,0.05,0.028049945831298828,ps,hoeffding
2117,87700,0.05,0.8941280841827393,psp,rademacher
2118,2400,0.05,0.02198195457458496,psp,hoeffding
2119,74400,0.05,1.3414011001586914,ps,rademacher
2120,2400,0.05,0.022099971771240234,ps,hoeffding
2121,23800,0.05,0.23639988899230957,psp,rademacher
2122,2400,0.05,0.019958019256591797,psp,hoeffding
2123,74400,0.05,1.343050241470337,ps,rademacher
2124,2400,0.05,0.023043155670166016,ps,hoeffding
2125,90600,0.05,0.9201028347015381,psp,rademacher
2126,2400,0.05,0.01935410499572754,psp,hoeffding
2127,151200,0.05,2.8228237628936768,ps,rademacher
2128,2400,0.05,0.0227811336517334,ps,hoeffding
2129,91300,0.05,0.927117109298706,psp,rademacher
2130,2400,0.05,0.02158069610595703,psp,hoeffding
2131,151200,0.05,2.848886013031006,ps,rademacher
2132,2400,0.05,0.02065277099609375,ps,hoeffding
2133,46700,0.05,0.47336912155151367,psp,rademacher
2134,2400,0.05,0.03281116485595703,psp,hoeffding
2135,304800,0.05,5.846832990646362,ps,rademacher
2136,2400,0.05,0.02210378646850586,ps,hoeffding
2137,90900,0.05,0.9039218425750732,psp,rademacher
2138,2400,0.05,0.023838043212890625,psp,hoeffding
2139,74400,0.05,1.339698076248169,ps,rademacher
2140,2400,0.05,0.029981136322021484,ps,hoeffding
2141,337600,0.05,3.3620238304138184,psp,rademacher
2142,2400,0.05,0.022711753845214844,psp,hoeffding
2143,304800,0.05,5.769992828369141,ps,rademacher
2144,2400,0.05,0.029740095138549805,ps,hoeffding
2145,22600,0.05,0.23489999771118164,psp,rademacher
2146,2400,0.05,0.020626306533813477,psp,hoeffding
2147,151200,0.05,2.8344907760620117,ps,rademacher
2148,2400,0.05,0.02177119255065918,ps,hoeffding
2149,46400,0.05,0.45804500579833984,psp,rademacher
2150,2400,0.05,0.01546788215637207,psp,hoeffding
2151,74400,0.05,1.3254930973052979,ps,rademacher
2152,2400,0.05,0.022495031356811523,ps,hoeffding
2153,335400,0.05,3.359642267227173,psp,rademacher
2154,2400,0.05,0.023329973220825195,psp,hoeffding
2155,304800,0.05,5.836345195770264,ps,rademacher
2156,2400,0.05,0.02225184440612793,ps,hoeffding
2157,23400,0.05,0.2346038818359375,psp,rademacher
2158,2400,0.05,0.032887935638427734,psp,hoeffding
2159,36000,0.05,0.6194422245025635,ps,rademacher
2160,2400,0.05,0.023562192916870117,ps,hoeffding
2161,43400,0.05,0.4250030517578125,psp,rademacher
2162,2400,0.05,0.016225814819335938,psp,hoeffding
2163,74400,0.05,1.353330135345459,ps,rademacher
2164,2400,0.05,0.02918410301208496,ps,hoeffding
2165,336100,0.05,3.3565680980682373,psp,rademacher
2166,2400,0.05,0.022144079208374023,psp,hoeffding
2167,74400,0.05,1.3574259281158447,ps,rademacher
2168,2400,0.05,0.02310037612915039,ps,hoeffding
2169,170600,0.05,1.7406949996948242,psp,rademacher
2170,2400,0.05,0.02071070671081543,psp,hoeffding
2171,74400,0.05,1.3681910037994385,ps,rademacher
2172,2400,0.05,0.022562026977539062,ps,hoeffding
2173,91000,0.05,0.9298050403594971,psp,rademacher
2174,2400,0.05,0.020422935485839844,psp,hoeffding
2175,151200,0.05,2.8108739852905273,ps,rademacher
2176,2400,0.05,0.026110172271728516,ps,hoeffding
2177,24800,0.05,0.2425241470336914,psp,rademacher
2178,2400,0.05,0.022624969482421875,psp,hoeffding
2179,304800,0.05,5.777959108352661,ps,rademacher
2180,2400,0.05,0.02119588851928711,ps,hoeffding
2181,85000,0.05,0.8476362228393555,psp,rademacher
2182,2400,0.05,0.015640974044799805,psp,hoeffding
2183,36000,0.05,0.602808952331543,ps,rademacher
2184,2400,0.05,0.022562026977539062,ps,hoeffding
2185,91200,0.05,0.9266171455383301,psp,rademacher
2186,2400,0.05,0.02346324920654297,psp,hoeffding
2187,74400,0.05,1.34194016456604,ps,rademacher
2188,2400,0.05,0.03482866287231445,ps,hoeffding
2189,85800,0.05,0.8707468509674072,psp,rademacher
2190,2400,0.05,0.02215886116027832,psp,hoeffding
2191,36000,0.05,0.6220219135284424,ps,rademacher
2192,2400,0.05,0.027592182159423828,ps,hoeffding
2193,92200,0.05,0.9438180923461914,psp,rademacher
2194,2400,0.05,0.016742944717407227,psp,hoeffding
2195,36000,0.05,0.6202478408813477,ps,rademacher
2196,2400,0.05,0.01870584487915039,ps,hoeffding
2197,85200,0.05,0.9163048267364502,psp,rademacher
2198,2400,0.05,0.03117513656616211,psp,hoeffding
2199,74400,0.05,1.353431224822998,ps,rademacher
2200,2400,0.05,0.02092909812927246,ps,hoeffding
2201,47200,0.05,0.4732811450958252,psp,rademacher
2202,2400,0.05,0.031761884689331055,psp,hoeffding
2203,151200,0.05,2.827949047088623,ps,rademacher
2204,2400,0.05,0.023365020751953125,ps,hoeffding
2205,90800,0.05,0.9168369770050049,psp,rademacher
2206,2400,0.05,0.02935194969177246,psp,hoeffding
2207,151200,0.05,2.8094239234924316,ps,rademacher
2208,2400,0.05,0.01773810386657715,ps,hoeffding
2209,88400,0.05,0.9033651351928711,psp,rademacher
2210,2400,0.05,0.02706289291381836,psp,hoeffding
2211,304800,0.05,5.780192136764526,ps,rademacher
2212,2400,0.05,0.017213106155395508,ps,hoeffding
2213,45800,0.05,0.4691660404205322,psp,rademacher
2214,2400,0.05,0.019356966018676758,psp,hoeffding
2215,74400,0.05,1.33955717086792,ps,rademacher
2216,2400,0.05,0.018180131912231445,ps,hoeffding
2217,340200,0.05,3.4011967182159424,psp,rademacher
2218,2400,0.05,0.02379894256591797,psp,hoeffding
2219,304800,0.05,5.800636053085327,ps,rademacher
2220,2400,0.05,0.019934892654418945,ps,hoeffding
2221,90600,0.05,0.9067518711090088,psp,rademacher
2222,2400,0.05,0.02262282371520996,psp,hoeffding
2223,151200,0.05,2.8324949741363525,ps,rademacher
2224,2400,0.05,0.020640134811401367,ps,hoeffding
2225,91200,0.05,0.9172029495239258,psp,rademacher
2226,2400,0.05,0.022916078567504883,psp,hoeffding
2227,304800,0.05,5.850162029266357,ps,rademacher
2228,2400,0.05,0.03067803382873535,ps,hoeffding
2229,91600,0.05,0.9292800426483154,psp,rademacher
2230,2400,0.05,0.032163143157958984,psp,hoeffding
2231,612000,0.05,11.7852942943573,ps,rademacher
2232,2400,0.05,0.022780179977416992,ps,hoeffding
2233,87400,0.05,0.8774478435516357,psp,rademacher
2234,2400,0.05,0.03144192695617676,psp,hoeffding
2235,74400,0.05,1.3451859951019287,ps,rademacher
2236,2400,0.05,0.02180194854736328,ps,hoeffding
2237,171800,0.05,1.7441380023956299,psp,rademacher
2238,2400,0.05,0.03268313407897949,psp,hoeffding
2239,74400,0.05,1.357349157333374,ps,rademacher
2240,2400,0.05,0.022903919219970703,ps,hoeffding
2241,47200,0.05,0.46294212341308594,psp,rademacher
2242,2400,0.05,0.022327899932861328,psp,hoeffding
2243,612000,0.05,11.82773232460022,ps,rademacher
2244,2400,0.05,0.024827003479003906,ps,hoeffding
2245,170600,0.05,1.7135319709777832,psp,rademacher
2246,2400,0.05,0.02307415008544922,psp,hoeffding
2247,151200,0.05,2.8443658351898193,ps,rademacher
2248,2400,0.05,0.028306961059570312,ps,hoeffding
2249,44200,0.05,0.44197797775268555,psp,rademacher
2250,2400,0.05,0.02022385597229004,psp,hoeffding
2251,151200,0.05,2.8393547534942627,ps,rademacher
2252,2400,0.05,0.02235698699951172,ps,hoeffding
2253,338400,0.05,3.4721407890319824,psp,rademacher
2254,2400,0.05,0.025555133819580078,psp,hoeffding
2255,74400,0.05,1.3524010181427002,ps,rademacher
2256,2400,0.05,0.02407097816467285,ps,hoeffding
2257,85800,0.05,0.9157021045684814,psp,rademacher
2258,2400,0.05,0.02255988121032715,psp,hoeffding
2259,304800,0.05,5.9278810024261475,ps,rademacher
2260,2400,0.05,0.02793121337890625,ps,hoeffding
2261,174000,0.05,1.7486121654510498,psp,rademacher
2262,2400,0.05,0.02285003662109375,psp,hoeffding
2263,612000,0.05,11.769971132278442,ps,rademacher
2264,2400,0.05,0.023573875427246094,ps,hoeffding
2265,24000,0.05,0.23914003372192383,psp,rademacher
2266,2400,0.05,0.028863906860351562,psp,hoeffding
2267,74400,0.05,1.33817720413208,ps,rademacher
2268,2400,0.05,0.023416996002197266,ps,hoeffding
2269,169400,0.05,1.725492000579834,psp,rademacher
2270,2400,0.05,0.024587154388427734,psp,hoeffding
2271,36000,0.05,0.6256511211395264,ps,rademacher
2272,2400,0.05,0.020633935928344727,ps,hoeffding
2273,48600,0.05,0.4932889938354492,psp,rademacher
2274,2400,0.05,0.01933884620666504,psp,hoeffding
2275,151200,0.05,2.8191449642181396,ps,rademacher
2276,2400,0.05,0.02321314811706543,ps,hoeffding
2277,168200,0.05,1.6567378044128418,psp,rademacher
2278,2400,0.05,0.01502084732055664,psp,hoeffding
2279,151200,0.05,2.8221702575683594,ps,rademacher
2280,2400,0.05,0.03284907341003418,ps,hoeffding
2281,87700,0.05,0.8822920322418213,psp,rademacher
2282,2400,0.05,0.029942989349365234,psp,hoeffding
2283,151200,0.05,2.823899984359741,ps,rademacher
2284,2400,0.05,0.019483327865600586,ps,hoeffding
2285,45900,0.05,0.4673290252685547,psp,rademacher
2286,2400,0.05,0.0207979679107666,psp,hoeffding
2287,151200,0.05,2.8171639442443848,ps,rademacher
2288,2400,0.05,0.017128944396972656,ps,hoeffding
2289,90600,0.05,0.91544508934021,psp,rademacher
2290,2400,0.05,0.015614032745361328,psp,hoeffding
2291,36000,0.05,0.6225399971008301,ps,rademacher
2292,2400,0.05,0.0185391902923584,ps,hoeffding
2293,23600,0.05,0.24721884727478027,psp,rademacher
2294,2400,0.05,0.028877973556518555,psp,hoeffding
2295,304800,0.05,5.807761192321777,ps,rademacher
2296,2400,0.05,0.01980113983154297,ps,hoeffding
2297,90800,0.05,0.9287347793579102,psp,rademacher
2298,2400,0.05,0.02221393585205078,psp,hoeffding
2299,304800,0.05,5.750085830688477,ps,rademacher
2300,2400,0.05,0.02375483512878418,ps,hoeffding
2301,168800,0.05,1.7306313514709473,psp,rademacher
2302,2400,0.05,0.023797035217285156,psp,hoeffding
2303,36000,0.05,0.6172869205474854,ps,rademacher
2304,2400,0.05,0.021517038345336914,ps,hoeffding
2305,46000,0.05,0.46657514572143555,psp,rademacher
2306,2400,0.05,0.02707195281982422,psp,hoeffding
2307,304800,0.05,5.7913689613342285,ps,rademacher
2308,2400,0.05,0.02001214027404785,ps,hoeffding
2309,44100,0.05,0.4311201572418213,psp,rademacher
2310,2400,0.05,0.022521018981933594,psp,hoeffding
2311,612000,0.05,11.880468130111694,ps,rademacher
2312,2400,0.05,0.022902727127075195,ps,hoeffding
2313,46500,0.05,0.45522189140319824,psp,rademacher
2314,2400,0.05,0.021119117736816406,psp,hoeffding
2315,74400,0.05,1.3242650032043457,ps,rademacher
2316,2400,0.05,0.022694110870361328,ps,hoeffding
2317,92000,0.05,0.9138960838317871,psp,rademacher
2318,2400,0.05,0.023332834243774414,psp,hoeffding
2319,36000,0.05,0.6221120357513428,ps,rademacher
2320,2400,0.05,0.022598981857299805,ps,hoeffding
2321,168400,0.05,1.7061457633972168,psp,rademacher
2322,2400,0.05,0.020379066467285156,psp,hoeffding
2323,36000,0.05,0.6208739280700684,ps,rademacher
2324,2400,0.05,0.021193981170654297,ps,hoeffding
2325,85700,0.05,0.8573932647705078,psp,rademacher
2326,2400,0.05,0.023653030395507812,psp,hoeffding
2327,74400,0.05,1.325228214263916,ps,rademacher
2328,2400,0.05,0.013296842575073242,ps,hoeffding
2329,47600,0.05,0.48319220542907715,psp,rademacher
2330,2400,0.05,0.022691011428833008,psp,hoeffding
2331,612000,0.05,11.974016904830933,ps,rademacher
2332,2400,0.05,0.023054838180541992,ps,hoeffding
2333,92100,0.05,0.9708123207092285,psp,rademacher
2334,2400,0.05,0.02899312973022461,psp,hoeffding
2335,304800,0.05,6.333524942398071,ps,rademacher
2336,2400,0.05,0.023054838180541992,ps,hoeffding
2337,24600,0.05,0.2867121696472168,psp,rademacher
2338,2400,0.05,0.028788089752197266,psp,hoeffding
2339,36000,0.05,0.7273380756378174,ps,rademacher
2340,2400,0.05,0.018085002899169922,ps,hoeffding
2341,340200,0.05,3.8409483432769775,psp,rademacher
2342,2400,0.05,0.03171706199645996,psp,hoeffding
2343,151200,0.05,2.8502273559570312,ps,rademacher
2344,2400,0.05,0.016071796417236328,ps,hoeffding
2345,24000,0.05,0.24740886688232422,psp,rademacher
2346,2400,0.05,0.02965402603149414,psp,hoeffding
2347,151200,0.05,2.8391029834747314,ps,rademacher
2348,2400,0.05,0.0273740291595459,ps,hoeffding
2349,174200,0.05,1.768517017364502,psp,rademacher
2350,2400,0.05,0.026129722595214844,psp,hoeffding
2351,304800,0.05,5.898019790649414,ps,rademacher
2352,2400,0.05,0.022227048873901367,ps,hoeffding
2353,85200,0.05,0.8608920574188232,psp,rademacher
2354,2400,0.05,0.02546215057373047,psp,hoeffding
2355,612000,0.05,11.899675846099854,ps,rademacher
2356,2400,0.05,0.02248406410217285,ps,hoeffding
2357,91600,0.05,0.9098000526428223,psp,rademacher
2358,2400,0.05,0.01929330825805664,psp,hoeffding
2359,151200,0.05,2.8855998516082764,ps,rademacher
2360,2400,0.05,0.03563404083251953,ps,hoeffding
2361,169300,0.05,1.7080609798431396,psp,rademacher
2362,2400,0.05,0.021231889724731445,psp,hoeffding
2363,74400,0.05,1.3687901496887207,ps,rademacher
2364,2400,0.05,0.03240823745727539,ps,hoeffding
2365,46400,0.05,0.47233104705810547,psp,rademacher
2366,2400,0.05,0.023105859756469727,psp,hoeffding
2367,74400,0.05,1.34834885597229,ps,rademacher
2368,2400,0.05,0.018562793731689453,ps,hoeffding
2369,46500,0.05,0.4809226989746094,psp,rademacher
2370,2400,0.05,0.016250133514404297,psp,hoeffding
2371,36000,0.05,0.6225500106811523,ps,rademacher
2372,2400,0.05,0.022809982299804688,ps,hoeffding
2373,86400,0.05,0.8869850635528564,psp,rademacher
2374,2400,0.05,0.03254389762878418,psp,hoeffding
2375,74400,0.05,1.4032549858093262,ps,rademacher
2376,2400,0.05,0.02594900131225586,ps,hoeffding
2377,347300,0.05,3.510557174682617,psp,rademacher
2378,2400,0.05,0.023406028747558594,psp,hoeffding
2379,304800,0.05,5.962341785430908,ps,rademacher
2380,2400,0.05,0.02208876609802246,ps,hoeffding
2381,174600,0.05,1.732804298400879,psp,rademacher
2382,2400,0.05,0.03195500373840332,psp,hoeffding
2383,151200,0.05,2.82614803314209,ps,rademacher
2384,2400,0.05,0.022703170776367188,ps,hoeffding
2385,87400,0.05,0.885977029800415,psp,rademacher
2386,2400,0.05,0.04408407211303711,psp,hoeffding
2387,612000,0.05,11.778557777404785,ps,rademacher
2388,2400,0.05,0.013721942901611328,ps,hoeffding
2389,170600,0.05,1.7120628356933594,psp,rademacher
2390,2400,0.05,0.022938013076782227,psp,hoeffding
2391,74400,0.05,1.3472342491149902,ps,rademacher
2392,2400,0.05,0.020418167114257812,ps,hoeffding
2393,46800,0.05,0.48229312896728516,psp,rademacher
2394,2400,0.05,0.030778169631958008,psp,hoeffding
2395,74400,0.05,1.3461108207702637,ps,rademacher
2396,2400,0.05,0.021735191345214844,ps,hoeffding
2397,173800,0.05,1.763164758682251,psp,rademacher
2398,2400,0.05,0.03132295608520508,psp,hoeffding
2399,151200,0.04,2.82513427734375,ps,rademacher
2400,2400,0.04,0.016527175903320312,ps,hoeffding
2401,346700,0.04,3.4555611610412598,psp,rademacher
2402,2400,0.04,0.030556201934814453,psp,hoeffding
2403,304800,0.04,5.829107999801636,ps,rademacher
2404,2400,0.04,0.019375085830688477,ps,hoeffding
2405,2400,0.04,0.02513885498046875,psp,hoeffding
2406,151200,0.04,2.7986979484558105,ps,rademacher
2407,2400,0.04,0.023302793502807617,ps,hoeffding
2408,90600,0.04,0.8976531028747559,psp,rademacher
2409,2400,0.04,0.017204999923706055,psp,hoeffding
2410,304800,0.04,5.763885736465454,ps,rademacher
2411,2400,0.04,0.023136138916015625,ps,hoeffding
2412,170600,0.04,1.7254860401153564,psp,rademacher
2413,2400,0.04,0.015433788299560547,psp,hoeffding
2414,2400,0.04,0.0195162296295166,ps,hoeffding
2415,168200,0.04,1.6996500492095947,psp,rademacher
2416,2400,0.04,0.022069931030273438,psp,hoeffding
2417,304800,0.04,5.779989957809448,ps,rademacher
2418,2400,0.04,0.0182647705078125,ps,hoeffding
2419,88600,0.04,0.8950579166412354,psp,rademacher
2420,2400,0.04,0.016852140426635742,psp,hoeffding
2421,74400,0.04,1.3512418270111084,ps,rademacher
2422,2400,0.04,0.029232025146484375,ps,hoeffding
2423,335000,0.04,3.3895630836486816,psp,rademacher
2424,2400,0.04,0.018970966339111328,psp,hoeffding
2425,304800,0.04,5.877857208251953,ps,rademacher
2426,2400,0.04,0.030246973037719727,ps,hoeffding
2427,23700,0.04,0.2453010082244873,psp,rademacher
2428,2400,0.04,0.02154397964477539,psp,hoeffding
2429,612000,0.04,11.81640887260437,ps,rademacher
2430,2400,0.04,0.022477149963378906,ps,hoeffding
2431,88000,0.04,0.8810670375823975,psp,rademacher
2432,2400,0.04,0.02370285987854004,psp,hoeffding
2433,74400,0.04,1.3346161842346191,ps,rademacher
2434,2400,0.04,0.03168201446533203,ps,hoeffding
2435,85200,0.04,0.8648200035095215,psp,rademacher
2436,2400,0.04,0.023216962814331055,psp,hoeffding
2437,74400,0.04,1.3344569206237793,ps,rademacher
2438,2400,0.04,0.02097797393798828,ps,hoeffding
2439,169200,0.04,1.712683916091919,psp,rademacher
2440,2400,0.04,0.021533966064453125,psp,hoeffding
2441,612000,0.04,11.892961025238037,ps,rademacher
2442,2400,0.04,0.022217273712158203,ps,hoeffding
2443,87400,0.04,0.891869068145752,psp,rademacher
2444,2400,0.04,0.023930072784423828,psp,hoeffding
2445,304800,0.04,5.838698387145996,ps,rademacher
2446,2400,0.04,0.02338099479675293,ps,hoeffding
2447,92000,0.04,0.9525749683380127,psp,rademacher
2448,2400,0.04,0.029626846313476562,psp,hoeffding
2449,151200,0.04,2.896606206893921,ps,rademacher
2450,2400,0.04,0.025421142578125,ps,hoeffding
2451,92100,0.04,1.0085749626159668,psp,rademacher
2452,2400,0.04,0.028432846069335938,psp,hoeffding
2453,151200,0.04,2.9016189575195312,ps,rademacher
2454,2400,0.04,0.04085397720336914,ps,hoeffding
2455,359800,0.04,3.694643974304199,psp,rademacher
2456,2400,0.04,0.02666187286376953,psp,hoeffding
2457,151200,0.04,2.858096122741699,ps,rademacher
2458,2400,0.04,0.021653175354003906,ps,hoeffding
2459,337400,0.04,3.4146339893341064,psp,rademacher
2460,2400,0.04,0.025744915008544922,psp,hoeffding
2461,612000,0.04,11.835808992385864,ps,rademacher
2462,2400,0.04,0.026406049728393555,ps,hoeffding
2463,86400,0.04,0.8702290058135986,psp,rademacher
2464,2400,0.04,0.024638891220092773,psp,hoeffding
2465,74400,0.04,1.3350400924682617,ps,rademacher
2466,2400,0.04,0.023389101028442383,ps,hoeffding
2467,173800,0.04,1.7486469745635986,psp,rademacher
2468,2400,0.04,0.023138046264648438,psp,hoeffding
2469,151200,0.04,2.828439235687256,ps,rademacher
2470,2400,0.04,0.0234067440032959,ps,hoeffding
2471,24100,0.04,0.2531547546386719,psp,rademacher
2472,2400,0.04,0.029152870178222656,psp,hoeffding
2473,151200,0.04,2.910710096359253,ps,rademacher
2474,2400,0.04,0.028650999069213867,ps,hoeffding
2475,168400,0.04,1.7701020240783691,psp,rademacher
2476,2400,0.04,0.023917198181152344,psp,hoeffding
2477,612000,0.04,11.971556901931763,ps,rademacher
2478,2400,0.04,0.021046876907348633,ps,hoeffding
2479,44400,0.04,0.45186805725097656,psp,rademacher
2480,2400,0.04,0.03674507141113281,psp,hoeffding
2481,74400,0.04,1.3665211200714111,ps,rademacher
2482,2400,0.04,0.023009061813354492,ps,hoeffding
2483,341100,0.04,3.4507248401641846,psp,rademacher
2484,2400,0.04,0.022607803344726562,psp,hoeffding
2485,151200,0.04,2.829880714416504,ps,rademacher
2486,2400,0.04,0.028160810470581055,ps,hoeffding
2487,90600,0.04,0.9201710224151611,psp,rademacher
2488,2400,0.04,0.0280759334564209,psp,hoeffding
2489,36000,0.04,0.6135187149047852,ps,rademacher
2490,2400,0.04,0.02335810661315918,ps,hoeffding
2491,170600,0.04,1.7194340229034424,psp,rademacher
2492,2400,0.04,0.02915477752685547,psp,hoeffding
2493,151200,0.04,2.829897880554199,ps,rademacher
2494,2400,0.04,0.017155885696411133,ps,hoeffding
2495,170400,0.04,1.6931698322296143,psp,rademacher
2496,2400,0.04,0.015864133834838867,psp,hoeffding
2497,304800,0.04,5.802909851074219,ps,rademacher
2498,2400,0.04,0.017895936965942383,ps,hoeffding
2499,85000,0.04,0.8505840301513672,psp,rademacher
2500,2400,0.04,0.02917790412902832,psp,hoeffding
2501,151200,0.04,2.796261787414551,ps,rademacher
2502,2400,0.04,0.024070262908935547,ps,hoeffding
2503,90600,0.04,0.8997199535369873,psp,rademacher
2504,2400,0.04,0.02094125747680664,psp,hoeffding
2505,74400,0.04,1.298785924911499,ps,rademacher
2506,2400,0.04,0.023510217666625977,ps,hoeffding
2507,170400,0.04,1.7211380004882812,psp,rademacher
2508,2400,0.04,0.02469182014465332,psp,hoeffding
2509,36000,0.04,0.6209347248077393,ps,rademacher
2510,2400,0.04,0.022938966751098633,ps,hoeffding
2511,47200,0.04,0.4806809425354004,psp,rademacher
2512,2400,0.04,0.029256820678710938,psp,hoeffding
2513,36000,0.04,0.6295249462127686,ps,rademacher
2514,2400,0.04,0.02122640609741211,ps,hoeffding
2515,336000,0.04,3.403455972671509,psp,rademacher
2516,2400,0.04,0.0314638614654541,psp,hoeffding
2517,612000,0.04,11.744776964187622,ps,rademacher
2518,2400,0.04,0.023867130279541016,ps,hoeffding
2519,43600,0.04,0.45322203636169434,psp,rademacher
2520,2400,0.04,0.03275799751281738,psp,hoeffding
2521,36000,0.04,0.6176738739013672,ps,rademacher
2522,2400,0.04,0.019526243209838867,ps,hoeffding
2523,87100,0.04,0.9013009071350098,psp,rademacher
2524,2400,0.04,0.020076751708984375,psp,hoeffding
2525,612000,0.04,11.836068153381348,ps,rademacher
2526,2400,0.04,0.03555798530578613,ps,hoeffding
2527,46400,0.04,0.46842384338378906,psp,rademacher
2528,2400,0.04,0.02198505401611328,psp,hoeffding
2529,74400,0.04,1.3794560432434082,ps,rademacher
2530,2400,0.04,0.02190709114074707,ps,hoeffding
2531,175400,0.04,1.7612199783325195,psp,rademacher
2532,2400,0.04,0.02181077003479004,psp,hoeffding
2533,151200,0.04,2.812091112136841,ps,rademacher
2534,2400,0.04,0.02819204330444336,ps,hoeffding
2535,340000,0.04,3.3855888843536377,psp,rademacher
2536,2400,0.04,0.021677017211914062,psp,hoeffding
2537,612000,0.04,11.776879787445068,ps,rademacher
2538,2400,0.04,0.03217720985412598,ps,hoeffding
2539,85000,0.04,0.8573827743530273,psp,rademacher
2540,2400,0.04,0.03539896011352539,psp,hoeffding
2541,74400,0.04,1.3523378372192383,ps,rademacher
2542,2400,0.04,0.02669525146484375,ps,hoeffding
2543,170600,0.04,1.7309160232543945,psp,rademacher
2544,2400,0.04,0.022664785385131836,psp,hoeffding
2545,151200,0.04,2.82647967338562,ps,rademacher
2546,2400,0.04,0.017052173614501953,ps,hoeffding
2547,85000,0.04,0.8748109340667725,psp,rademacher
2548,2400,0.04,0.01645803451538086,psp,hoeffding
2549,151200,0.04,2.8460159301757812,ps,rademacher
2550,2400,0.04,0.024810075759887695,ps,hoeffding
2551,174000,0.04,1.7599213123321533,psp,rademacher
2552,2400,0.04,0.020229816436767578,psp,hoeffding
2553,304800,0.04,5.856056213378906,ps,rademacher
2554,2400,0.04,0.029350757598876953,ps,hoeffding
2555,43400,0.04,0.4472026824951172,psp,rademacher
2556,2400,0.04,0.02307415008544922,psp,hoeffding
2557,304800,0.04,5.776233911514282,ps,rademacher
2558,2400,0.04,0.023318052291870117,ps,hoeffding
2559,90600,0.04,0.9120810031890869,psp,rademacher
2560,2400,0.04,0.017693281173706055,psp,hoeffding
2561,151200,0.04,2.791942834854126,ps,rademacher
2562,2400,0.04,0.029139995574951172,ps,hoeffding
2563,88100,0.04,0.892780065536499,psp,rademacher
2564,2400,0.04,0.016218900680541992,psp,hoeffding
2565,151200,0.04,2.80403995513916,ps,rademacher
2566,2400,0.04,0.018849849700927734,ps,hoeffding
2567,44200,0.04,0.45902490615844727,psp,rademacher
2568,2400,0.04,0.022523880004882812,psp,hoeffding
2569,74400,0.04,1.3419189453125,ps,rademacher
2570,2400,0.04,0.0223238468170166,ps,hoeffding
2571,86400,0.04,0.861212968826294,psp,rademacher
2572,2400,0.04,0.020843029022216797,psp,hoeffding
2573,304800,0.04,5.799253940582275,ps,rademacher
2574,2400,0.04,0.023237943649291992,ps,hoeffding
2575,337600,0.04,3.43173885345459,psp,rademacher
2576,2400,0.04,0.017673969268798828,psp,hoeffding
2577,36000,0.04,0.6287906169891357,ps,rademacher
2578,2400,0.04,0.021586894989013672,ps,hoeffding
2579,85200,0.04,0.8828949928283691,psp,rademacher
2580,2400,0.04,0.023176908493041992,psp,hoeffding
2581,612000,0.04,11.781702995300293,ps,rademacher
2582,2400,0.04,0.023309946060180664,ps,hoeffding
2583,169400,0.04,1.6853160858154297,psp,rademacher
2584,2400,0.04,0.014064311981201172,psp,hoeffding
2585,151200,0.04,2.8079209327697754,ps,rademacher
2586,2400,0.04,0.023105144500732422,ps,hoeffding
2587,169600,0.04,1.7009689807891846,psp,rademacher
2588,2400,0.04,0.03345179557800293,psp,hoeffding
2589,151200,0.04,2.8143200874328613,ps,rademacher
2590,2400,0.04,0.021245956420898438,ps,hoeffding
2591,45800,0.04,0.4593379497528076,psp,rademacher
2592,2400,0.04,0.02484583854675293,psp,hoeffding
2593,151200,0.04,2.8638200759887695,ps,rademacher
2594,2400,0.04,0.0177001953125,ps,hoeffding
2595,2400,0.04,0.021989822387695312,psp,hoeffding
2596,304800,0.04,5.787807941436768,ps,rademacher
2597,2400,0.04,0.030498027801513672,ps,hoeffding
2598,168600,0.04,1.705833911895752,psp,rademacher
2599,2400,0.04,0.01564502716064453,psp,hoeffding
2600,304800,0.04,5.80847692489624,ps,rademacher
2601,2400,0.04,0.03277182579040527,ps,hoeffding
2602,88000,0.04,0.8921561241149902,psp,rademacher
2603,2400,0.04,0.028638839721679688,psp,hoeffding
2604,1226400,0.04,23.76692485809326,ps,rademacher
2605,2400,0.04,0.013577938079833984,ps,hoeffding
2606,171200,0.04,1.7161619663238525,psp,rademacher
2607,2400,0.04,0.021574020385742188,psp,hoeffding
2608,612000,0.04,11.862311124801636,ps,rademacher
2609,2400,0.04,0.02284979820251465,ps,hoeffding
2610,168200,0.04,1.7231190204620361,psp,rademacher
2611,2400,0.04,0.023252010345458984,psp,hoeffding
2612,304800,0.04,6.742037057876587,ps,rademacher
2613,2400,0.04,0.023585081100463867,ps,hoeffding
2614,172000,0.04,1.9633698463439941,psp,rademacher
2615,2400,0.04,0.029284000396728516,psp,hoeffding
2616,1226400,0.04,24.232506036758423,ps,rademacher
2617,2400,0.04,0.03040003776550293,ps,hoeffding
2618,45000,0.04,0.4622640609741211,psp,rademacher
2619,2400,0.04,0.014288902282714844,psp,hoeffding
2620,74400,0.04,1.3976809978485107,ps,rademacher
2621,2400,0.04,0.018410921096801758,ps,hoeffding
2622,46000,0.04,0.4680757522583008,psp,rademacher
2623,2400,0.04,0.02309584617614746,psp,hoeffding
2624,151200,0.04,2.9621899127960205,ps,rademacher
2625,2400,0.04,0.019315004348754883,ps,hoeffding
2626,85000,0.04,0.8774549961090088,psp,rademacher
2627,2400,0.04,0.0475921630859375,psp,hoeffding
2628,304800,0.04,5.94106912612915,ps,rademacher
2629,2400,0.04,0.019452810287475586,ps,hoeffding
2630,43500,0.04,0.45511603355407715,psp,rademacher
2631,2400,0.04,0.022999048233032227,psp,hoeffding
2632,36000,0.04,0.620189905166626,ps,rademacher
2633,2400,0.04,0.024625301361083984,ps,hoeffding
2634,180400,0.04,1.8438053131103516,psp,rademacher
2635,2400,0.04,0.02496194839477539,psp,hoeffding
2636,304800,0.04,5.862105131149292,ps,rademacher
2637,2400,0.04,0.020631074905395508,ps,hoeffding
2638,91600,0.04,0.9233119487762451,psp,rademacher
2639,2400,0.04,0.02373790740966797,psp,hoeffding
2640,304800,0.04,5.827588796615601,ps,rademacher
2641,2400,0.04,0.02047109603881836,ps,hoeffding
2642,85800,0.04,0.8641231060028076,psp,rademacher
2643,2400,0.04,0.014361143112182617,psp,hoeffding
2644,36000,0.04,0.6319448947906494,ps,rademacher
2645,2400,0.04,0.021868228912353516,ps,hoeffding
2646,335900,0.04,3.382802963256836,psp,rademacher
2647,2400,0.04,0.02268195152282715,psp,hoeffding
2648,304800,0.04,5.81692099571228,ps,rademacher
2649,2400,0.04,0.02622818946838379,ps,hoeffding
2650,90600,0.04,0.9255261421203613,psp,rademacher
2651,2400,0.04,0.023520946502685547,psp,hoeffding
2652,304800,0.04,5.830284833908081,ps,rademacher
2653,2400,0.04,0.021596908569335938,ps,hoeffding
2654,180200,0.04,1.8262901306152344,psp,rademacher
2655,2400,0.04,0.02084493637084961,psp,hoeffding
2656,304800,0.04,5.805989027023315,ps,rademacher
2657,2400,0.04,0.018260955810546875,ps,hoeffding
2658,46600,0.04,0.45871424674987793,psp,rademacher
2659,2400,0.04,0.022320985794067383,psp,hoeffding
2660,151200,0.04,2.861121892929077,ps,rademacher
2661,2400,0.04,0.01836681365966797,ps,hoeffding
2662,171200,0.04,1.7211122512817383,psp,rademacher
2663,2400,0.04,0.031504154205322266,psp,hoeffding
2664,151200,0.04,2.8232457637786865,ps,rademacher
2665,2400,0.04,0.02290797233581543,ps,hoeffding
2666,45000,0.04,0.44263124465942383,psp,rademacher
2667,2400,0.04,0.023540973663330078,psp,hoeffding
2668,612000,0.04,11.748159885406494,ps,rademacher
2669,2400,0.04,0.033087968826293945,ps,hoeffding
2670,2400,0.04,0.01973724365234375,psp,hoeffding
2671,612000,0.04,11.799986124038696,ps,rademacher
2672,2400,0.04,0.026704072952270508,ps,hoeffding
2673,87400,0.04,0.9031267166137695,psp,rademacher
2674,2400,0.04,0.030590295791625977,psp,hoeffding
2675,74400,0.04,1.3321857452392578,ps,rademacher
2676,2400,0.04,0.02465510368347168,ps,hoeffding
2677,2400,0.04,0.027164936065673828,psp,hoeffding
2678,304800,0.04,5.811266660690308,ps,rademacher
2679,2400,0.04,0.025970935821533203,ps,hoeffding
2680,169000,0.04,1.7130911350250244,psp,rademacher
2681,2400,0.04,0.021481990814208984,psp,hoeffding
2682,74400,0.04,1.361530065536499,ps,rademacher
2683,2400,0.04,0.03346991539001465,ps,hoeffding
2684,182400,0.04,1.8370060920715332,psp,rademacher
2685,2400,0.04,0.02844405174255371,psp,hoeffding
2686,304800,0.04,5.774916172027588,ps,rademacher
2687,2400,0.04,0.018110036849975586,ps,hoeffding
2688,2400,0.04,0.019813060760498047,psp,hoeffding
2689,304800,0.04,5.769812345504761,ps,rademacher
2690,2400,0.04,0.019841909408569336,ps,hoeffding
2691,174500,0.04,1.7576758861541748,psp,rademacher
2692,2400,0.04,0.027780771255493164,psp,hoeffding
2693,1226400,0.04,24.028860807418823,ps,rademacher
2694,2400,0.04,0.017165660858154297,ps,hoeffding
2695,86800,0.04,0.8727560043334961,psp,rademacher
2696,2400,0.04,0.02845597267150879,psp,hoeffding
2697,304800,0.04,5.809197902679443,ps,rademacher
2698,2400,0.04,0.03250527381896973,ps,hoeffding
2699,85200,0.04,0.8740401268005371,psp,rademacher
2700,2400,0.04,0.015335321426391602,psp,hoeffding
2701,74400,0.04,1.3591351509094238,ps,rademacher
2702,2400,0.04,0.02726602554321289,ps,hoeffding
2703,85000,0.04,0.8730487823486328,psp,rademacher
2704,2400,0.04,0.017920970916748047,psp,hoeffding
2705,74400,0.04,1.3661949634552002,ps,rademacher
2706,2400,0.04,0.022832870483398438,ps,hoeffding
2707,337000,0.04,3.37333607673645,psp,rademacher
2708,2400,0.04,0.03386497497558594,psp,hoeffding
2709,74400,0.04,1.3806312084197998,ps,rademacher
2710,2400,0.04,0.028477907180786133,ps,hoeffding
2711,88200,0.04,0.8790690898895264,psp,rademacher
2712,2400,0.04,0.023174047470092773,psp,hoeffding
2713,304800,0.04,5.7946319580078125,ps,rademacher
2714,2400,0.04,0.016659021377563477,ps,hoeffding
2715,170600,0.04,1.690864086151123,psp,rademacher
2716,2400,0.04,0.032546281814575195,psp,hoeffding
2717,151200,0.04,2.8146896362304688,ps,rademacher
2718,2400,0.04,0.021728992462158203,ps,hoeffding
2719,88800,0.04,0.8925838470458984,psp,rademacher
2720,2400,0.04,0.024022817611694336,psp,hoeffding
2721,304800,0.04,5.808401823043823,ps,rademacher
2722,2400,0.04,0.019695043563842773,ps,hoeffding
2723,335600,0.04,3.3633320331573486,psp,rademacher
2724,2400,0.04,0.028589963912963867,psp,hoeffding
2725,74400,0.04,1.3439321517944336,ps,rademacher
2726,2400,0.04,0.023578882217407227,ps,hoeffding
2727,88000,0.04,0.9284770488739014,psp,rademacher
2728,2400,0.04,0.032083988189697266,psp,hoeffding
2729,151200,0.04,2.828706979751587,ps,rademacher
2730,2400,0.04,0.0228879451751709,ps,hoeffding
2731,339400,0.04,3.414536237716675,psp,rademacher
2732,2400,0.04,0.0322728157043457,psp,hoeffding
2733,151200,0.04,2.8319108486175537,ps,rademacher
2734,2400,0.04,0.019260883331298828,ps,hoeffding
2735,169600,0.04,1.6660737991333008,psp,rademacher
2736,2400,0.04,0.01730799674987793,psp,hoeffding
2737,612000,0.04,11.796410083770752,ps,rademacher
2738,2400,0.04,0.022729158401489258,ps,hoeffding
2739,2400,0.04,0.02272796630859375,psp,hoeffding
2740,304800,0.04,5.832973957061768,ps,rademacher
2741,2400,0.04,0.020666837692260742,ps,hoeffding
2742,44400,0.04,0.45720410346984863,psp,rademacher
2743,2400,0.04,0.023135900497436523,psp,hoeffding
2744,304800,0.04,5.784440755844116,ps,rademacher
2745,2400,0.04,0.023094892501831055,ps,hoeffding
2746,336400,0.04,3.3547720909118652,psp,rademacher
2747,2400,0.04,0.017669200897216797,psp,hoeffding
2748,151200,0.04,2.8417909145355225,ps,rademacher
2749,2400,0.04,0.016141176223754883,ps,hoeffding
2750,335600,0.04,3.3784990310668945,psp,rademacher
2751,2400,0.04,0.02277994155883789,psp,hoeffding
2752,151200,0.04,2.807380199432373,ps,rademacher
2753,2400,0.04,0.027550220489501953,ps,hoeffding
2754,340200,0.04,3.394590139389038,psp,rademacher
2755,2400,0.04,0.026055097579956055,psp,hoeffding
2756,304800,0.04,5.747200965881348,ps,rademacher
2757,2400,0.04,0.01986098289489746,ps,hoeffding
2758,335400,0.04,3.3468079566955566,psp,rademacher
2759,2400,0.04,0.023829936981201172,psp,hoeffding
2760,304800,0.04,5.8007261753082275,ps,rademacher
2761,2400,0.04,0.01840806007385254,ps,hoeffding
2762,169000,0.04,1.6810128688812256,psp,rademacher
2763,2400,0.04,0.02943730354309082,psp,hoeffding
2764,74400,0.04,1.3554186820983887,ps,rademacher
2765,2400,0.04,0.027065038681030273,ps,hoeffding
2766,335400,0.04,3.3953678607940674,psp,rademacher
2767,2400,0.04,0.024119138717651367,psp,hoeffding
2768,151200,0.04,2.8728559017181396,ps,rademacher
2769,2400,0.04,0.025471925735473633,ps,hoeffding
2770,87400,0.04,0.8950591087341309,psp,rademacher
2771,2400,0.04,0.025297164916992188,psp,hoeffding
2772,304800,0.04,5.855503082275391,ps,rademacher
2773,2400,0.04,0.023183822631835938,ps,hoeffding
2774,93900,0.04,0.9364821910858154,psp,rademacher
2775,2400,0.04,0.031233787536621094,psp,hoeffding
2776,304800,0.04,5.764582872390747,ps,rademacher
2777,2400,0.04,0.019893169403076172,ps,hoeffding
2778,2400,0.04,0.029961109161376953,psp,hoeffding
2779,74400,0.04,1.3794219493865967,ps,rademacher
2780,2400,0.04,0.033315181732177734,ps,hoeffding
2781,168500,0.04,1.7446691989898682,psp,rademacher
2782,2400,0.04,0.01938486099243164,psp,hoeffding
2783,304800,0.04,5.9185850620269775,ps,rademacher
2784,2400,0.04,0.0254518985748291,ps,hoeffding
2785,91000,0.04,0.9210450649261475,psp,rademacher
2786,2400,0.04,0.015355825424194336,psp,hoeffding
2787,151200,0.04,2.9194869995117188,ps,rademacher
2788,2400,0.04,0.02103900909423828,ps,hoeffding
2789,44400,0.04,0.48139500617980957,psp,rademacher
2790,2400,0.04,0.022429943084716797,psp,hoeffding
2791,151200,0.03,2.906730890274048,ps,rademacher
2792,2400,0.03,0.01672077178955078,ps,hoeffding
2793,2400,0.03,0.01392674446105957,psp,hoeffding
2794,151200,0.03,2.9132747650146484,ps,rademacher
2795,2400,0.03,0.023545026779174805,ps,hoeffding
2796,336000,0.03,3.3959579467773438,psp,rademacher
2797,2400,0.03,0.022815942764282227,psp,hoeffding
2798,74400,0.03,1.3642172813415527,ps,rademacher
2799,2400,0.03,0.02590012550354004,ps,hoeffding
2800,335200,0.03,3.4524059295654297,psp,rademacher
2801,2400,0.03,0.023442983627319336,psp,hoeffding
2802,151200,0.03,2.8273308277130127,ps,rademacher
2803,2400,0.03,0.020976781845092773,ps,hoeffding
2804,2400,0.03,0.020395755767822266,psp,hoeffding
2805,612000,0.03,11.92641806602478,ps,rademacher
2806,2400,0.03,0.022862911224365234,ps,hoeffding
2807,2400,0.03,0.01897907257080078,psp,hoeffding
2808,151200,0.03,2.797804594039917,ps,rademacher
2809,2400,0.03,0.02236795425415039,ps,hoeffding
2810,173800,0.03,1.743638038635254,psp,rademacher
2811,2400,0.03,0.022975921630859375,psp,hoeffding
2812,151200,0.03,2.8594460487365723,ps,rademacher
2813,2400,0.03,0.015093564987182617,ps,hoeffding
2814,334800,0.03,3.356600046157837,psp,rademacher
2815,2400,0.03,0.017957210540771484,psp,hoeffding
2816,74400,0.03,1.3485779762268066,ps,rademacher
2817,2400,0.03,0.02239394187927246,ps,hoeffding
2818,88900,0.03,0.8981800079345703,psp,rademacher
2819,2400,0.03,0.0312807559967041,psp,hoeffding
2820,612000,0.03,11.917358875274658,ps,rademacher
2821,2400,0.03,0.01785588264465332,ps,hoeffding
2822,169600,0.03,1.7016479969024658,psp,rademacher
2823,2400,0.03,0.018095731735229492,psp,hoeffding
2824,612000,0.03,11.823224782943726,ps,rademacher
2825,2400,0.03,0.02268218994140625,ps,hoeffding
2826,335600,0.03,3.3798270225524902,psp,rademacher
2827,2400,0.03,0.013859033584594727,psp,hoeffding
2828,151200,0.03,2.82096004486084,ps,rademacher
2829,2400,0.03,0.024284839630126953,ps,hoeffding
2830,336000,0.03,3.3715381622314453,psp,rademacher
2831,2400,0.03,0.026927947998046875,psp,hoeffding
2832,612000,0.03,11.794053792953491,ps,rademacher
2833,2400,0.03,0.02302384376525879,ps,hoeffding
2834,174000,0.03,1.7236769199371338,psp,rademacher
2835,2400,0.03,0.031352996826171875,psp,hoeffding
2836,74400,0.03,1.3447058200836182,ps,rademacher
2837,2400,0.03,0.01491999626159668,ps,hoeffding
2838,335400,0.03,3.3378870487213135,psp,rademacher
2839,2400,0.03,0.022591114044189453,psp,hoeffding
2840,151200,0.03,2.835254192352295,ps,rademacher
2841,2400,0.03,0.0179598331451416,ps,hoeffding
2842,170600,0.03,1.7195351123809814,psp,rademacher
2843,2400,0.03,0.029069900512695312,psp,hoeffding
2844,304800,0.03,5.8026769161224365,ps,rademacher
2845,2400,0.03,0.022888898849487305,ps,hoeffding
2846,169000,0.03,1.7086520195007324,psp,rademacher
2847,2400,0.03,0.017111778259277344,psp,hoeffding
2848,612000,0.03,11.864106893539429,ps,rademacher
2849,2400,0.03,0.02474188804626465,ps,hoeffding
2850,92200,0.03,0.9639239311218262,psp,rademacher
2851,2400,0.03,0.03337883949279785,psp,hoeffding
2852,612000,0.03,11.780627250671387,ps,rademacher
2853,2400,0.03,0.020414113998413086,ps,hoeffding
2854,341200,0.03,3.44530987739563,psp,rademacher
2855,2400,0.03,0.01865530014038086,psp,hoeffding
2856,151200,0.03,2.825762987136841,ps,rademacher
2857,2400,0.03,0.033969879150390625,ps,hoeffding
2858,337700,0.03,3.448601245880127,psp,rademacher
2859,2400,0.03,0.02098822593688965,psp,hoeffding
2860,151200,0.03,2.811544179916382,ps,rademacher
2861,2400,0.03,0.03271484375,ps,hoeffding
2862,91200,0.03,0.916860818862915,psp,rademacher
2863,2400,0.03,0.023627042770385742,psp,hoeffding
2864,2400,0.03,0.024262189865112305,ps,hoeffding
2865,337000,0.03,3.3905601501464844,psp,rademacher
2866,2400,0.03,0.03289079666137695,psp,hoeffding
2867,151200,0.03,2.8369100093841553,ps,rademacher
2868,2400,0.03,0.03289604187011719,ps,hoeffding
2869,92200,0.03,0.9460270404815674,psp,rademacher
2870,2400,0.03,0.033698081970214844,psp,hoeffding
2871,1226400,0.03,23.983349800109863,ps,rademacher
2872,2400,0.03,0.02280116081237793,ps,hoeffding
2873,84600,0.03,0.8460478782653809,psp,rademacher
2874,2400,0.03,0.02205967903137207,psp,hoeffding
2875,612000,0.03,11.974936962127686,ps,rademacher
2876,2400,0.03,0.023235082626342773,ps,hoeffding
2877,334800,0.03,3.3466358184814453,psp,rademacher
2878,2400,0.03,0.020327091217041016,psp,hoeffding
2879,151200,0.03,2.801625967025757,ps,rademacher
2880,2400,0.03,0.018404006958007812,ps,hoeffding
2881,2400,0.03,0.023348093032836914,psp,hoeffding
2882,151200,0.03,2.8706650733947754,ps,rademacher
2883,2400,0.03,0.02299785614013672,ps,hoeffding
2884,175200,0.03,1.7561118602752686,psp,rademacher
2885,2400,0.03,0.015091896057128906,psp,hoeffding
2886,612000,0.03,11.896357774734497,ps,rademacher
2887,2400,0.03,0.034757137298583984,ps,hoeffding
2888,90600,0.03,0.9229831695556641,psp,rademacher
2889,2400,0.03,0.01747894287109375,psp,hoeffding
2890,612000,0.03,11.865012884140015,ps,rademacher
2891,2400,0.03,0.02349114418029785,ps,hoeffding
2892,347000,0.03,3.5260469913482666,psp,rademacher
2893,2400,0.03,0.018467187881469727,psp,hoeffding
2894,1226400,0.03,24.207491874694824,ps,rademacher
2895,2400,0.03,0.02698993682861328,ps,hoeffding
2896,174000,0.03,1.7288768291473389,psp,rademacher
2897,2400,0.03,0.020956993103027344,psp,hoeffding
2898,151200,0.03,2.8074769973754883,ps,rademacher
2899,2400,0.03,0.022737979888916016,ps,hoeffding
2900,340500,0.03,3.4296998977661133,psp,rademacher
2901,2400,0.03,0.031944990158081055,psp,hoeffding
2902,151200,0.03,2.8717639446258545,ps,rademacher
2903,2400,0.03,0.021986007690429688,ps,hoeffding
2904,2400,0.03,0.03273820877075195,psp,hoeffding
2905,151200,0.03,2.91874098777771,ps,rademacher
2906,2400,0.03,0.026829004287719727,ps,hoeffding
2907,168600,0.03,1.6937429904937744,psp,rademacher
2908,2400,0.03,0.023770809173583984,psp,hoeffding
2909,74400,0.03,1.3786580562591553,ps,rademacher
2910,2400,0.03,0.02425098419189453,ps,hoeffding
2911,87800,0.03,0.8711662292480469,psp,rademacher
2912,2400,0.03,0.02200603485107422,psp,hoeffding
2913,612000,0.03,11.882587909698486,ps,rademacher
2914,2400,0.03,0.022511959075927734,ps,hoeffding
2915,170600,0.03,1.707611083984375,psp,rademacher
2916,2400,0.03,0.02686309814453125,psp,hoeffding
2917,1226400,0.03,23.8591628074646,ps,rademacher
2918,2400,0.03,0.02099609375,ps,hoeffding
2919,2400,0.03,0.024744272232055664,psp,hoeffding
2920,151200,0.03,2.820342779159546,ps,rademacher
2921,2400,0.03,0.016544103622436523,ps,hoeffding
2922,43400,0.03,0.439939022064209,psp,rademacher
2923,2400,0.03,0.024139881134033203,psp,hoeffding
2924,1226400,0.03,23.903455018997192,ps,rademacher
2925,2400,0.03,0.018675804138183594,ps,hoeffding
2926,336800,0.03,3.412423849105835,psp,rademacher
2927,2400,0.03,0.029050111770629883,psp,hoeffding
2928,1226400,0.03,23.89191508293152,ps,rademacher
2929,2400,0.03,0.023056983947753906,ps,hoeffding
2930,335700,0.03,3.4177701473236084,psp,rademacher
2931,2400,0.03,0.028860092163085938,psp,hoeffding
2932,74400,0.03,1.3551061153411865,ps,rademacher
2933,2400,0.03,0.023562908172607422,ps,hoeffding
2934,334600,0.03,3.3805601596832275,psp,rademacher
2935,2400,0.03,0.03672337532043457,psp,hoeffding
2936,304800,0.03,5.865019083023071,ps,rademacher
2937,2400,0.03,0.014901876449584961,ps,hoeffding
2938,174600,0.03,1.7423169612884521,psp,rademacher
2939,2400,0.03,0.026988983154296875,psp,hoeffding
2940,304800,0.03,5.80504298210144,ps,rademacher
2941,2400,0.03,0.030302047729492188,ps,hoeffding
2942,175000,0.03,1.7496540546417236,psp,rademacher
2943,2400,0.03,0.01779794692993164,psp,hoeffding
2944,304800,0.03,5.798376798629761,ps,rademacher
2945,2400,0.03,0.022378921508789062,ps,hoeffding
2946,2400,0.03,0.020770788192749023,psp,hoeffding
2947,304800,0.03,5.84847092628479,ps,rademacher
2948,2400,0.03,0.022964954376220703,ps,hoeffding
2949,2400,0.03,0.021628856658935547,psp,hoeffding
2950,304800,0.03,5.760810852050781,ps,rademacher
2951,2400,0.03,0.02695775032043457,ps,hoeffding
2952,170600,0.03,1.7229387760162354,psp,rademacher
2953,2400,0.03,0.015429973602294922,psp,hoeffding
2954,612000,0.03,11.899803876876831,ps,rademacher
2955,2400,0.03,0.01464080810546875,ps,hoeffding
2956,168800,0.03,1.6995582580566406,psp,rademacher
2957,2400,0.03,0.020169973373413086,psp,hoeffding
2958,612000,0.03,11.795201063156128,ps,rademacher
2959,2400,0.03,0.027211904525756836,ps,hoeffding
2960,85200,0.03,0.8636090755462646,psp,rademacher
2961,2400,0.03,0.023091793060302734,psp,hoeffding
2962,612000,0.03,11.84459900856018,ps,rademacher
2963,2400,0.03,0.03332209587097168,ps,hoeffding
2964,87400,0.03,0.8835389614105225,psp,rademacher
2965,2400,0.03,0.023435115814208984,psp,hoeffding
2966,304800,0.03,5.81465482711792,ps,rademacher
2967,2400,0.03,0.01926708221435547,ps,hoeffding
2968,169300,0.03,1.7079029083251953,psp,rademacher
2969,2400,0.03,0.020030975341796875,psp,hoeffding
2970,304800,0.03,5.83287501335144,ps,rademacher
2971,2400,0.03,0.032483816146850586,ps,hoeffding
2972,2400,0.03,0.023369789123535156,psp,hoeffding
2973,151200,0.03,2.8410379886627197,ps,rademacher
2974,2400,0.03,0.022270917892456055,ps,hoeffding
2975,335100,0.03,3.411623954772949,psp,rademacher
2976,2400,0.03,0.013900995254516602,psp,hoeffding
2977,612000,0.03,11.82378101348877,ps,rademacher
2978,2400,0.03,0.021277189254760742,ps,hoeffding
2979,337300,0.03,3.3822829723358154,psp,rademacher
2980,2400,0.03,0.019489049911499023,psp,hoeffding
2981,304800,0.03,5.833860158920288,ps,rademacher
2982,2400,0.03,0.022121191024780273,ps,hoeffding
2983,90900,0.03,0.9204428195953369,psp,rademacher
2984,2400,0.03,0.03335309028625488,psp,hoeffding
2985,151200,0.03,2.8361709117889404,ps,rademacher
2986,2400,0.03,0.022787094116210938,ps,hoeffding
2987,338400,0.03,3.4202239513397217,psp,rademacher
2988,2400,0.03,0.03419899940490723,psp,hoeffding
2989,151200,0.03,2.857008934020996,ps,rademacher
2990,2400,0.03,0.03310704231262207,ps,hoeffding
2991,90800,0.03,0.9229607582092285,psp,rademacher
2992,2400,0.03,0.02064204216003418,psp,hoeffding
2993,151200,0.03,2.9128830432891846,ps,rademacher
2994,2400,0.03,0.023052215576171875,ps,hoeffding
2995,169900,0.03,1.7353920936584473,psp,rademacher
2996,2400,0.03,0.022807836532592773,psp,hoeffding
2997,304800,0.03,5.969595909118652,ps,rademacher
2998,2400,0.03,0.03159499168395996,ps,hoeffding
2999,172500,0.03,1.7945940494537354,psp,rademacher
3000,2400,0.03,0.013290166854858398,psp,hoeffding
3001,612000,0.03,12.020960092544556,ps,rademacher
3002,2400,0.03,0.018397808074951172,ps,hoeffding
3003,2400,0.03,0.028936147689819336,psp,hoeffding
3004,151200,0.03,2.8226850032806396,ps,rademacher
3005,2400,0.03,0.022648096084594727,ps,hoeffding
3006,336000,0.03,3.399606943130493,psp,rademacher
3007,2400,0.03,0.022367000579833984,psp,hoeffding
3008,151200,0.03,2.807987928390503,ps,rademacher
3009,2400,0.03,0.02843022346496582,ps,hoeffding
3010,86000,0.03,0.8647799491882324,psp,rademacher
3011,2400,0.03,0.021309852600097656,psp,hoeffding
3012,151200,0.03,2.909249782562256,ps,rademacher
3013,2400,0.03,0.02528524398803711,ps,hoeffding
3014,335400,0.03,3.3932547569274902,psp,rademacher
3015,2400,0.03,0.021312952041625977,psp,hoeffding
3016,304800,0.03,5.846741676330566,ps,rademacher
3017,2400,0.03,0.01899099349975586,ps,hoeffding
3018,91200,0.03,0.9133999347686768,psp,rademacher
3019,2400,0.03,0.03220772743225098,psp,hoeffding
3020,612000,0.03,11.88966417312622,ps,rademacher
3021,2400,0.03,0.027738332748413086,ps,hoeffding
3022,87400,0.03,0.8757750988006592,psp,rademacher
3023,2400,0.03,0.01434326171875,psp,hoeffding
3024,1226400,0.03,23.960222959518433,ps,rademacher
3025,2400,0.03,0.020446062088012695,ps,hoeffding
3026,170600,0.03,1.729006052017212,psp,rademacher
3027,2400,0.03,0.0338292121887207,psp,hoeffding
3028,304800,0.03,5.783155202865601,ps,rademacher
3029,2400,0.03,0.021444082260131836,ps,hoeffding
3030,44900,0.03,0.46691370010375977,psp,rademacher
3031,2400,0.03,0.019547700881958008,psp,hoeffding
3032,1226400,0.03,23.898961305618286,ps,rademacher
3033,2400,0.03,0.019873857498168945,ps,hoeffding
3034,334600,0.03,3.3798627853393555,psp,rademacher
3035,2400,0.03,0.02266693115234375,psp,hoeffding
3036,1226400,0.03,23.898324012756348,ps,rademacher
3037,2400,0.03,0.02525806427001953,ps,hoeffding
3038,2400,0.03,0.023192167282104492,psp,hoeffding
3039,304800,0.03,5.770360946655273,ps,rademacher
3040,2400,0.03,0.023064136505126953,ps,hoeffding
3041,169600,0.03,1.7079150676727295,psp,rademacher
3042,2400,0.03,0.03214311599731445,psp,hoeffding
3043,304800,0.03,5.805037021636963,ps,rademacher
3044,2400,0.03,0.026549100875854492,ps,hoeffding
3045,44800,0.03,0.4643237590789795,psp,rademacher
3046,2400,0.03,0.022085905075073242,psp,hoeffding
3047,151200,0.03,2.8666129112243652,ps,rademacher
3048,2400,0.03,0.01627802848815918,ps,hoeffding
3049,169700,0.03,1.7625720500946045,psp,rademacher
3050,2400,0.03,0.028104305267333984,psp,hoeffding
3051,1226400,0.03,24.020573139190674,ps,rademacher
3052,2400,0.03,0.027962923049926758,ps,hoeffding
3053,337000,0.03,3.4283719062805176,psp,rademacher
3054,2400,0.03,0.03344583511352539,psp,hoeffding
3055,151200,0.03,2.8170180320739746,ps,rademacher
3056,2400,0.03,0.02547311782836914,ps,hoeffding
3057,170600,0.03,1.7231249809265137,psp,rademacher
3058,2400,0.03,0.025320053100585938,psp,hoeffding
3059,74400,0.03,1.252573013305664,ps,rademacher
3060,2400,0.03,0.013553857803344727,ps,hoeffding
3061,335400,0.03,3.4170470237731934,psp,rademacher
3062,2400,0.03,0.0318760871887207,psp,hoeffding
3063,74400,0.03,1.3475708961486816,ps,rademacher
3064,2400,0.03,0.02976369857788086,ps,hoeffding
3065,337000,0.03,3.3855931758880615,psp,rademacher
3066,2400,0.03,0.022397994995117188,psp,hoeffding
3067,74400,0.03,1.3349449634552002,ps,rademacher
3068,2400,0.03,0.02199697494506836,ps,hoeffding
3069,170600,0.03,1.7099146842956543,psp,rademacher
3070,2400,0.03,0.02281022071838379,psp,hoeffding
3071,2400,0.03,0.027271747589111328,ps,hoeffding
3072,92000,0.03,0.9217841625213623,psp,rademacher
3073,2400,0.03,0.019912004470825195,psp,hoeffding
3074,151200,0.03,2.8212218284606934,ps,rademacher
3075,2400,0.03,0.030192852020263672,ps,hoeffding
3076,86000,0.03,0.8842089176177979,psp,rademacher
3077,2400,0.03,0.024084091186523438,psp,hoeffding
3078,612000,0.03,11.946573972702026,ps,rademacher
3079,2400,0.03,0.02595210075378418,ps,hoeffding
3080,88600,0.03,0.8995141983032227,psp,rademacher
3081,2400,0.03,0.019694089889526367,psp,hoeffding
3082,304800,0.03,5.781208038330078,ps,rademacher
3083,2400,0.03,0.022197961807250977,ps,hoeffding
3084,340400,0.03,3.427614212036133,psp,rademacher
3085,2400,0.03,0.02249002456665039,psp,hoeffding
3086,151200,0.03,2.8043158054351807,ps,rademacher
3087,2400,0.03,0.015195131301879883,ps,hoeffding
3088,91400,0.03,0.9179399013519287,psp,rademacher
3089,2400,0.03,0.019595861434936523,psp,hoeffding
3090,74400,0.03,1.3471722602844238,ps,rademacher
3091,2400,0.03,0.022745132446289062,ps,hoeffding
3092,341600,0.03,3.4279768466949463,psp,rademacher
3093,2400,0.03,0.030421018600463867,psp,hoeffding
3094,1226400,0.03,24.035129070281982,ps,rademacher
3095,2400,0.03,0.022382020950317383,ps,hoeffding
3096,169000,0.03,1.7296929359436035,psp,rademacher
3097,2400,0.03,0.022277116775512695,psp,hoeffding
3098,612000,0.03,12.130034923553467,ps,rademacher
3099,2400,0.03,0.024499893188476562,ps,hoeffding
3100,2400,0.03,0.01681995391845703,psp,hoeffding
3101,151200,0.03,2.8157413005828857,ps,rademacher
3102,2400,0.03,0.023308992385864258,ps,hoeffding
3103,2400,0.03,0.019523143768310547,psp,hoeffding
3104,304800,0.03,5.817634105682373,ps,rademacher
3105,2400,0.03,0.02462005615234375,ps,hoeffding
3106,168400,0.03,1.699859857559204,psp,rademacher
3107,2400,0.03,0.022021055221557617,psp,hoeffding
3108,612000,0.03,11.909018993377686,ps,rademacher
3109,2400,0.03,0.0257871150970459,ps,hoeffding
3110,45600,0.03,0.51900315284729,psp,rademacher
3111,2400,0.03,0.017934083938598633,psp,hoeffding
3112,151200,0.03,2.8788199424743652,ps,rademacher
3113,2400,0.03,0.01765608787536621,ps,hoeffding
3114,171400,0.03,1.7308862209320068,psp,rademacher
3115,2400,0.03,0.023777008056640625,psp,hoeffding
3116,304800,0.03,5.849179267883301,ps,rademacher
3117,2400,0.03,0.022592782974243164,ps,hoeffding
3118,43600,0.03,0.4550137519836426,psp,rademacher
3119,2400,0.03,0.01611804962158203,psp,hoeffding
3120,304800,0.03,5.831301927566528,ps,rademacher
3121,2400,0.03,0.022359609603881836,ps,hoeffding
3122,337100,0.03,3.4059579372406006,psp,rademacher
3123,2400,0.03,0.01960587501525879,psp,hoeffding
3124,1226400,0.03,24.022580862045288,ps,rademacher
3125,2400,0.03,0.022761821746826172,ps,hoeffding
3126,2400,0.03,0.029073715209960938,psp,hoeffding
3127,304800,0.03,5.820328950881958,ps,rademacher
3128,2400,0.03,0.033827781677246094,ps,hoeffding
3129,335400,0.03,3.4020888805389404,psp,rademacher
3130,2400,0.03,0.0230100154876709,psp,hoeffding
3131,74400,0.03,1.3838131427764893,ps,rademacher
3132,2400,0.03,0.021572113037109375,ps,hoeffding
3133,169000,0.03,1.7275631427764893,psp,rademacher
3134,2400,0.03,0.023324012756347656,psp,hoeffding
3135,74400,0.03,1.3711888790130615,ps,rademacher
3136,2400,0.03,0.02143692970275879,ps,hoeffding
3137,340200,0.03,3.4710350036621094,psp,rademacher
3138,2400,0.03,0.02346014976501465,psp,hoeffding
3139,612000,0.03,12.434541940689087,ps,rademacher
3140,2400,0.03,0.023435115814208984,ps,hoeffding
3141,335400,0.03,3.5426368713378906,psp,rademacher
3142,2400,0.03,0.020416975021362305,psp,hoeffding
3143,74400,0.03,1.363525152206421,ps,rademacher
3144,2400,0.03,0.020463943481445312,ps,hoeffding
3145,2400,0.03,0.02306818962097168,psp,hoeffding
3146,151200,0.03,2.8211991786956787,ps,rademacher
3147,2400,0.03,0.017058849334716797,ps,hoeffding
3148,174200,0.03,1.7583489418029785,psp,rademacher
3149,2400,0.03,0.021018266677856445,psp,hoeffding
3150,74400,0.03,1.3533689975738525,ps,rademacher
3151,2400,0.03,0.0296628475189209,ps,hoeffding
3152,169000,0.03,1.673475742340088,psp,rademacher
3153,2400,0.03,0.024363994598388672,psp,hoeffding
3154,304800,0.03,5.862900018692017,ps,rademacher
3155,2400,0.03,0.033904075622558594,ps,hoeffding
3156,169000,0.03,1.7219409942626953,psp,rademacher
3157,2400,0.03,0.029930830001831055,psp,hoeffding
3158,74400,0.03,1.3180301189422607,ps,rademacher
3159,2400,0.03,0.023594379425048828,ps,hoeffding
3160,170200,0.03,1.7458362579345703,psp,rademacher
3161,2400,0.03,0.032002925872802734,psp,hoeffding
3162,304800,0.03,5.85967493057251,ps,rademacher
3163,2400,0.03,0.02375006675720215,ps,hoeffding
3164,169400,0.03,1.6745750904083252,psp,rademacher
3165,2400,0.03,0.01608896255493164,psp,hoeffding
3166,151200,0.03,2.8588428497314453,ps,rademacher
3167,2400,0.03,0.026057958602905273,ps,hoeffding
3168,2400,0.03,0.017712831497192383,psp,hoeffding
3169,1226400,0.03,24.25914216041565,ps,rademacher
3170,2400,0.03,0.03032398223876953,ps,hoeffding
3171,341000,0.03,3.6190710067749023,psp,rademacher
3172,2400,0.03,0.024159908294677734,psp,hoeffding
3173,1226400,0.02,23.935326099395752,ps,rademacher
3174,2400,0.02,0.023694753646850586,ps,hoeffding
3175,2400,0.02,0.02119612693786621,psp,hoeffding
3176,151200,0.02,2.8378610610961914,ps,rademacher
3177,2400,0.02,0.029263019561767578,ps,hoeffding
3178,2400,0.02,0.015131950378417969,psp,hoeffding
3179,304800,0.02,5.801548957824707,ps,rademacher
3180,2400,0.02,0.022517919540405273,ps,hoeffding
3181,169700,0.02,1.7429471015930176,psp,rademacher
3182,2400,0.02,0.022513151168823242,psp,hoeffding
3183,2400,0.02,0.017787933349609375,ps,hoeffding
3184,90900,0.02,0.9129149913787842,psp,rademacher
3185,2400,0.02,0.02098679542541504,psp,hoeffding
3186,612000,0.02,11.746241092681885,ps,rademacher
3187,2400,0.02,0.030097246170043945,ps,hoeffding
3188,2400,0.02,0.019838333129882812,psp,hoeffding
3189,304800,0.02,5.9242470264434814,ps,rademacher
3190,2400,0.02,0.0211026668548584,ps,hoeffding
3191,337200,0.02,3.417614221572876,psp,rademacher
3192,2400,0.02,0.02419304847717285,psp,hoeffding
3193,612000,0.02,11.952967882156372,ps,rademacher
3194,2400,0.02,0.03436422348022461,ps,hoeffding
3195,337000,0.02,3.4803218841552734,psp,rademacher
3196,2400,0.02,0.02863621711730957,psp,hoeffding
3197,2400,0.02,0.022290945053100586,ps,hoeffding
3198,171000,0.02,1.7295448780059814,psp,rademacher
3199,2400,0.02,0.015392065048217773,psp,hoeffding
3200,2400,0.02,0.022761106491088867,ps,hoeffding
3201,2400,0.02,0.02836012840270996,psp,hoeffding
3202,612000,0.02,12.076227188110352,ps,rademacher
3203,2400,0.02,0.01901388168334961,ps,hoeffding
3204,335800,0.02,3.428929090499878,psp,rademacher
3205,2400,0.02,0.0172271728515625,psp,hoeffding
3206,612000,0.02,11.919066905975342,ps,rademacher
3207,2400,0.02,0.02055811882019043,ps,hoeffding
3208,169600,0.02,1.6972460746765137,psp,rademacher
3209,2400,0.02,0.027396202087402344,psp,hoeffding
3210,2400,0.02,0.026309967041015625,ps,hoeffding
3211,335400,0.02,3.3779478073120117,psp,rademacher
3212,2400,0.02,0.021589994430541992,psp,hoeffding
3213,1226400,0.02,24.018393754959106,ps,rademacher
3214,2400,0.02,0.02668023109436035,ps,hoeffding
3215,2400,0.02,0.01718926429748535,psp,hoeffding
3216,151200,0.02,2.8489830493927,ps,rademacher
3217,2400,0.02,0.013622045516967773,ps,hoeffding
3218,2400,0.02,0.01742696762084961,psp,hoeffding
3219,1226400,0.02,23.886704921722412,ps,rademacher
3220,2400,0.02,0.018378257751464844,ps,hoeffding
3221,2400,0.02,0.020669937133789062,psp,hoeffding
3222,612000,0.02,11.82095217704773,ps,rademacher
3223,2400,0.02,0.021231889724731445,ps,hoeffding
3224,335800,0.02,3.3623569011688232,psp,rademacher
3225,2400,0.02,0.02330303192138672,psp,hoeffding
3226,612000,0.02,11.816535949707031,ps,rademacher
3227,2400,0.02,0.023164033889770508,ps,hoeffding
3228,2400,0.02,0.022614002227783203,psp,hoeffding
3229,612000,0.02,11.880120754241943,ps,rademacher
3230,2400,0.02,0.02188897132873535,ps,hoeffding
3231,2400,0.02,0.032238006591796875,psp,hoeffding
3232,304800,0.02,5.806331157684326,ps,rademacher
3233,2400,0.02,0.026685237884521484,ps,hoeffding
3234,2400,0.02,0.023736000061035156,psp,hoeffding
3235,2400,0.02,0.016430139541625977,ps,hoeffding
3236,2400,0.02,0.023258209228515625,psp,hoeffding
3237,1226400,0.02,23.941089868545532,ps,rademacher
3238,2400,0.02,0.03179478645324707,ps,hoeffding
3239,335600,0.02,3.371873140335083,psp,rademacher
3240,2400,0.02,0.014961957931518555,psp,hoeffding
3241,151200,0.02,2.8835651874542236,ps,rademacher
3242,2400,0.02,0.023050785064697266,ps,hoeffding
3243,2400,0.02,0.024583816528320312,psp,hoeffding
3244,304800,0.02,5.858985900878906,ps,rademacher
3245,2400,0.02,0.033811330795288086,ps,hoeffding
3246,347200,0.02,3.4964847564697266,psp,rademacher
3247,2400,0.02,0.022289752960205078,psp,hoeffding
3248,304800,0.02,5.768643856048584,ps,rademacher
3249,2400,0.02,0.02152395248413086,ps,hoeffding
3250,2400,0.02,0.020123958587646484,psp,hoeffding
3251,151200,0.02,2.8076398372650146,ps,rademacher
3252,2400,0.02,0.022708892822265625,ps,hoeffding
3253,168200,0.02,1.738266944885254,psp,rademacher
3254,2400,0.02,0.022266149520874023,psp,hoeffding
3255,612000,0.02,11.867698192596436,ps,rademacher
3256,2400,0.02,0.022406339645385742,ps,hoeffding
3257,2400,0.02,0.02010512351989746,psp,hoeffding
3258,304800,0.02,5.81411600112915,ps,rademacher
3259,2400,0.02,0.016329050064086914,ps,hoeffding
3260,2400,0.02,0.023796796798706055,psp,hoeffding
3261,2400,0.02,0.0321660041809082,ps,hoeffding
3262,2400,0.02,0.020154237747192383,psp,hoeffding
3263,304800,0.02,5.802731037139893,ps,rademacher
3264,2400,0.02,0.018573999404907227,ps,hoeffding
3265,340000,0.02,3.435850143432617,psp,rademacher
3266,2400,0.02,0.029137849807739258,psp,hoeffding
3267,1226400,0.02,23.910973072052002,ps,rademacher
3268,2400,0.02,0.019717931747436523,ps,hoeffding
3269,2400,0.02,0.016505956649780273,psp,hoeffding
3270,151200,0.02,2.7966270446777344,ps,rademacher
3271,2400,0.02,0.021439790725708008,ps,hoeffding
3272,335400,0.02,3.3388679027557373,psp,rademacher
3273,2400,0.02,0.019154787063598633,psp,hoeffding
3274,304800,0.02,5.822541952133179,ps,rademacher
3275,2400,0.02,0.020780086517333984,ps,hoeffding
3276,336000,0.02,3.3834750652313232,psp,rademacher
3277,2400,0.02,0.022552013397216797,psp,hoeffding
3278,2400,0.02,0.025876283645629883,ps,hoeffding
3279,2400,0.02,0.03030991554260254,psp,hoeffding
3280,304800,0.02,5.837255954742432,ps,rademacher
3281,2400,0.02,0.01677083969116211,ps,hoeffding
3282,2400,0.02,0.016595125198364258,psp,hoeffding
3283,304800,0.02,5.749082803726196,ps,rademacher
3284,2400,0.02,0.02893805503845215,ps,hoeffding
3285,2400,0.02,0.017667055130004883,psp,hoeffding
3286,2400,0.02,0.027866125106811523,ps,hoeffding
3287,2400,0.02,0.0246889591217041,psp,hoeffding
3288,1226400,0.02,24.045199871063232,ps,rademacher
3289,2400,0.02,0.02208089828491211,ps,hoeffding
3290,2400,0.02,0.022278785705566406,psp,hoeffding
3291,1226400,0.02,23.968819856643677,ps,rademacher
3292,2400,0.02,0.024425983428955078,ps,hoeffding
3293,2400,0.02,0.020795106887817383,psp,hoeffding
3294,612000,0.02,11.972767114639282,ps,rademacher
3295,2400,0.02,0.016270160675048828,ps,hoeffding
3296,2400,0.02,0.01750493049621582,psp,hoeffding
3297,612000,0.02,11.815701961517334,ps,rademacher
3298,2400,0.02,0.033712148666381836,ps,hoeffding
3299,2400,0.02,0.02842116355895996,psp,hoeffding
3300,1226400,0.02,24.039332151412964,ps,rademacher
3301,2400,0.02,0.024183034896850586,ps,hoeffding
3302,348000,0.02,3.5026681423187256,psp,rademacher
3303,2400,0.02,0.028200864791870117,psp,hoeffding
3304,612000,0.02,11.90101671218872,ps,rademacher
3305,2400,0.02,0.017865896224975586,ps,hoeffding
3306,2400,0.02,0.018020153045654297,psp,hoeffding
3307,304800,0.02,5.8454430103302,ps,rademacher
3308,2400,0.02,0.02435302734375,ps,hoeffding
3309,2400,0.02,0.03192400932312012,psp,hoeffding
3310,1226400,0.02,24.033907175064087,ps,rademacher
3311,2400,0.02,0.022723674774169922,ps,hoeffding
3312,180800,0.02,1.8404731750488281,psp,rademacher
3313,2400,0.02,0.02118206024169922,psp,hoeffding
3314,612000,0.02,11.797497749328613,ps,rademacher
3315,2400,0.02,0.013889789581298828,ps,hoeffding
3316,2400,0.02,0.031036853790283203,psp,hoeffding
3317,612000,0.02,11.849761009216309,ps,rademacher
3318,2400,0.02,0.014815092086791992,ps,hoeffding
3319,335200,0.02,3.3615739345550537,psp,rademacher
3320,2400,0.02,0.029265880584716797,psp,hoeffding
3321,1226400,0.02,24.095873832702637,ps,rademacher
3322,2400,0.02,0.019566059112548828,ps,hoeffding
3323,2400,0.02,0.02969503402709961,psp,hoeffding
3324,612000,0.02,11.79366397857666,ps,rademacher
3325,2400,0.02,0.014977216720581055,ps,hoeffding
3326,86600,0.02,0.8808748722076416,psp,rademacher
3327,2400,0.02,0.031682729721069336,psp,hoeffding
3328,2400,0.02,0.026527881622314453,ps,hoeffding
3329,2400,0.02,0.023146867752075195,psp,hoeffding
3330,612000,0.02,11.931269884109497,ps,rademacher
3331,2400,0.02,0.021883726119995117,ps,hoeffding
3332,2400,0.02,0.025625944137573242,psp,hoeffding
3333,304800,0.02,5.79747200012207,ps,rademacher
3334,2400,0.02,0.023314952850341797,ps,hoeffding
3335,2400,0.02,0.019868135452270508,psp,hoeffding
3336,304800,0.02,5.803430795669556,ps,rademacher
3337,2400,0.02,0.020183086395263672,ps,hoeffding
3338,335800,0.02,3.4795851707458496,psp,rademacher
3339,2400,0.02,0.029275178909301758,psp,hoeffding
3340,1226400,0.02,24.50455594062805,ps,rademacher
3341,2400,0.02,0.02450704574584961,ps,hoeffding
3342,2400,0.02,0.03345775604248047,psp,hoeffding
3343,304800,0.02,5.8188066482543945,ps,rademacher
3344,2400,0.02,0.015074968338012695,ps,hoeffding
3345,168200,0.02,1.715392827987671,psp,rademacher
3346,2400,0.02,0.022762060165405273,psp,hoeffding
3347,1226400,0.02,24.034958839416504,ps,rademacher
3348,2400,0.02,0.03181791305541992,ps,hoeffding
3349,2400,0.02,0.02108907699584961,psp,hoeffding
3350,1226400,0.02,24.03975510597229,ps,rademacher
3351,2400,0.02,0.02140188217163086,ps,hoeffding
3352,2400,0.02,0.030643939971923828,psp,hoeffding
3353,304800,0.02,5.861171007156372,ps,rademacher
3354,2400,0.02,0.032076120376586914,ps,hoeffding
3355,2400,0.02,0.0218508243560791,psp,hoeffding
3356,612000,0.02,11.814674139022827,ps,rademacher
3357,2400,0.02,0.023205995559692383,ps,hoeffding
3358,85900,0.02,0.8873350620269775,psp,rademacher
3359,2400,0.02,0.013818979263305664,psp,hoeffding
3360,304800,0.02,5.8018479347229,ps,rademacher
3361,2400,0.02,0.029514074325561523,ps,hoeffding
3362,174100,0.02,1.7645738124847412,psp,rademacher
3363,2400,0.02,0.038461923599243164,psp,hoeffding
3364,612000,0.02,11.847402095794678,ps,rademacher
3365,2400,0.02,0.021291017532348633,ps,hoeffding
3366,2400,0.02,0.0284421443939209,psp,hoeffding
3367,1226400,0.02,23.837575912475586,ps,rademacher
3368,2400,0.02,0.02068018913269043,ps,hoeffding
3369,335400,0.02,3.4163780212402344,psp,rademacher
3370,2400,0.02,0.0222320556640625,psp,hoeffding
3371,2400,0.02,0.02379584312438965,ps,hoeffding
3372,171200,0.02,1.7390711307525635,psp,rademacher
3373,2400,0.02,0.027883052825927734,psp,hoeffding
3374,612000,0.02,11.812114000320435,ps,rademacher
3375,2400,0.02,0.018940210342407227,ps,hoeffding
3376,2400,0.02,0.0196530818939209,psp,hoeffding
3377,2400,0.02,0.025089025497436523,ps,hoeffding
3378,173700,0.02,1.749373197555542,psp,rademacher
3379,2400,0.02,0.02239203453063965,psp,hoeffding
3380,612000,0.02,11.846774101257324,ps,rademacher
3381,2400,0.02,0.030824899673461914,ps,hoeffding
3382,335400,0.02,3.3561770915985107,psp,rademacher
3383,2400,0.02,0.013304948806762695,psp,hoeffding
3384,612000,0.02,11.877781867980957,ps,rademacher
3385,2400,0.02,0.02974104881286621,ps,hoeffding
3386,336600,0.02,3.3628199100494385,psp,rademacher
3387,2400,0.02,0.014028072357177734,psp,hoeffding
3388,2400,0.02,0.018484115600585938,ps,hoeffding
3389,340400,0.02,3.433521032333374,psp,rademacher
3390,2400,0.02,0.016134023666381836,psp,hoeffding
3391,1226400,0.02,24.09079623222351,ps,rademacher
3392,2400,0.02,0.02406907081604004,ps,hoeffding
3393,335400,0.02,3.4086461067199707,psp,rademacher
3394,2400,0.02,0.02031397819519043,psp,hoeffding
3395,304800,0.02,5.803277015686035,ps,rademacher
3396,2400,0.02,0.023447036743164062,ps,hoeffding
3397,2400,0.02,0.030228853225708008,psp,hoeffding
3398,2400,0.02,0.021257877349853516,ps,hoeffding
3399,174000,0.02,1.7569139003753662,psp,rademacher
3400,2400,0.02,0.031852006912231445,psp,hoeffding
3401,612000,0.02,11.825484991073608,ps,rademacher
3402,2400,0.02,0.01995396614074707,ps,hoeffding
3403,2400,0.02,0.02906322479248047,psp,hoeffding
3404,2400,0.02,0.022800922393798828,ps,hoeffding
3405,2400,0.02,0.0215911865234375,psp,hoeffding
3406,1226400,0.02,23.97171401977539,ps,rademacher
3407,2400,0.02,0.029233932495117188,ps,hoeffding
3408,169200,0.02,1.7232420444488525,psp,rademacher
3409,2400,0.02,0.0179140567779541,psp,hoeffding
3410,612000,0.02,11.872966289520264,ps,rademacher
3411,2400,0.02,0.02325892448425293,ps,hoeffding
3412,170800,0.02,1.7321410179138184,psp,rademacher
3413,2400,0.02,0.031781911849975586,psp,hoeffding
3414,1226400,0.02,23.99649405479431,ps,rademacher
3415,2400,0.02,0.023841142654418945,ps,hoeffding
3416,2400,0.02,0.02283501625061035,psp,hoeffding
3417,612000,0.02,11.761312007904053,ps,rademacher
3418,2400,0.02,0.015372037887573242,ps,hoeffding
3419,85000,0.02,0.8629167079925537,psp,rademacher
3420,2400,0.02,0.029932022094726562,psp,hoeffding
3421,612000,0.02,11.83744502067566,ps,rademacher
3422,2400,0.02,0.020659923553466797,ps,hoeffding
3423,2400,0.02,0.01556396484375,psp,hoeffding
3424,1226400,0.02,23.890005111694336,ps,rademacher
3425,2400,0.02,0.016245603561401367,ps,hoeffding
3426,2400,0.02,0.021834135055541992,psp,hoeffding
3427,612000,0.02,11.851151943206787,ps,rademacher
3428,2400,0.02,0.02331399917602539,ps,hoeffding
3429,336000,0.02,3.3948569297790527,psp,rademacher
3430,2400,0.02,0.023450136184692383,psp,hoeffding
3431,1226400,0.02,24.00697612762451,ps,rademacher
3432,2400,0.02,0.021641016006469727,ps,hoeffding
3433,2400,0.02,0.03332924842834473,psp,hoeffding
3434,1226400,0.02,24.08265709877014,ps,rademacher
3435,2400,0.02,0.022902965545654297,ps,hoeffding
3436,170000,0.02,1.712035894393921,psp,rademacher
3437,2400,0.02,0.02911376953125,psp,hoeffding
3438,1226400,0.02,24.049937963485718,ps,rademacher
3439,2400,0.02,0.01991105079650879,ps,hoeffding
3440,334200,0.02,3.3621981143951416,psp,rademacher
3441,2400,0.02,0.019806861877441406,psp,hoeffding
3442,612000,0.02,11.855140924453735,ps,rademacher
3443,2400,0.02,0.02800726890563965,ps,hoeffding
3444,335400,0.02,3.357792854309082,psp,rademacher
3445,2400,0.02,0.0291898250579834,psp,hoeffding
3446,304800,0.02,5.846292972564697,ps,rademacher
3447,2400,0.02,0.01715993881225586,ps,hoeffding
3448,85800,0.02,0.8707809448242188,psp,rademacher
3449,2400,0.02,0.021638154983520508,psp,hoeffding
3450,612000,0.02,12.021872758865356,ps,rademacher
3451,2400,0.02,0.02295088768005371,ps,hoeffding
3452,171300,0.02,1.6971707344055176,psp,rademacher
3453,2400,0.02,0.023384809494018555,psp,hoeffding
3454,304800,0.02,5.820188045501709,ps,rademacher
3455,2400,0.02,0.03337383270263672,ps,hoeffding
3456,169000,0.02,1.6901590824127197,psp,rademacher
3457,2400,0.02,0.014947175979614258,psp,hoeffding
3458,612000,0.02,11.856024980545044,ps,rademacher
3459,2400,0.02,0.02790999412536621,ps,hoeffding
3460,2400,0.02,0.024812936782836914,psp,hoeffding
3461,1226400,0.02,24.02353811264038,ps,rademacher
3462,2400,0.02,0.0215151309967041,ps,hoeffding
3463,2400,0.02,0.03181815147399902,psp,hoeffding
3464,304800,0.02,5.808136940002441,ps,rademacher
3465,2400,0.02,0.029818058013916016,ps,hoeffding
3466,336800,0.02,3.3857851028442383,psp,rademacher
3467,2400,0.02,0.021349191665649414,psp,hoeffding
3468,151200,0.02,2.8247339725494385,ps,rademacher
3469,2400,0.02,0.0316920280456543,ps,hoeffding
3470,338400,0.02,3.4301912784576416,psp,rademacher
3471,2400,0.02,0.025844097137451172,psp,hoeffding
3472,1226400,0.02,23.978649854660034,ps,rademacher
3473,2400,0.02,0.02493906021118164,ps,hoeffding
3474,337600,0.02,3.387056827545166,psp,rademacher
3475,2400,0.02,0.02106308937072754,psp,hoeffding
3476,2400,0.02,0.030944108963012695,ps,hoeffding
3477,2400,0.02,0.015112876892089844,psp,hoeffding
3478,612000,0.02,11.786509037017822,ps,rademacher
3479,2400,0.02,0.02283310890197754,ps,hoeffding
3480,170800,0.02,1.7188990116119385,psp,rademacher
3481,2400,0.02,0.021269798278808594,psp,hoeffding
3482,304800,0.02,5.84498405456543,ps,rademacher
3483,2400,0.02,0.021567821502685547,ps,hoeffding
3484,340600,0.02,3.422773838043213,psp,rademacher
3485,2400,0.02,0.022572040557861328,psp,hoeffding
3486,1226400,0.02,23.931507110595703,ps,rademacher
3487,2400,0.02,0.020700931549072266,ps,hoeffding
3488,2400,0.02,0.023535728454589844,psp,hoeffding
3489,2400,0.02,0.023505210876464844,ps,hoeffding
3490,2400,0.02,0.027432918548583984,psp,hoeffding
3491,151200,0.02,2.8748538494110107,ps,rademacher
3492,2400,0.02,0.023493289947509766,ps,hoeffding
3493,2400,0.02,0.02221512794494629,psp,hoeffding
3494,2400,0.02,0.02155017852783203,ps,hoeffding
3495,170900,0.02,1.7246501445770264,psp,rademacher
3496,2400,0.02,0.03306889533996582,psp,hoeffding
3497,1226400,0.02,23.872033834457397,ps,rademacher
3498,2400,0.02,0.017397165298461914,ps,hoeffding
3499,2400,0.02,0.02311229705810547,psp,hoeffding
3500,612000,0.02,11.822855949401855,ps,rademacher
3501,2400,0.02,0.014075279235839844,ps,hoeffding
3502,168400,0.02,1.6912758350372314,psp,rademacher
3503,2400,0.02,0.02118825912475586,psp,hoeffding
3504,7200,0.01,0.09978127479553223,ps,hoeffding
3505,10800,0.01,0.10667085647583008,psp,hoeffding
3506,7200,0.01,0.08140301704406738,ps,hoeffding
3507,10900,0.01,0.0858309268951416,psp,hoeffding
3508,612000,0.01,11.78678822517395,ps,rademacher
3509,7200,0.01,0.0893557071685791,ps,hoeffding
3510,10800,0.01,0.0931389331817627,psp,hoeffding
3511,7200,0.01,0.09589815139770508,ps,hoeffding
3512,10900,0.01,0.10037708282470703,psp,hoeffding
3513,7200,0.01,0.08681583404541016,ps,hoeffding
3514,10900,0.01,0.10683894157409668,psp,hoeffding
3515,7200,0.01,0.08901691436767578,ps,hoeffding
3516,11100,0.01,0.10988807678222656,psp,hoeffding
3517,7200,0.01,0.09189200401306152,ps,hoeffding
3518,10800,0.01,0.10154485702514648,psp,hoeffding
3519,7200,0.01,0.08707308769226074,ps,hoeffding
3520,11100,0.01,0.10972785949707031,psp,hoeffding
3521,7200,0.01,0.08793187141418457,ps,hoeffding
3522,10800,0.01,0.09724593162536621,psp,hoeffding
3523,7200,0.01,0.10226702690124512,ps,hoeffding
3524,10900,0.01,0.10737800598144531,psp,hoeffding
3525,612000,0.01,11.832446098327637,ps,rademacher
3526,7200,0.01,0.09305787086486816,ps,hoeffding
3527,10800,0.01,0.1069190502166748,psp,hoeffding
3528,7200,0.01,0.09183287620544434,ps,hoeffding
3529,10800,0.01,0.10413694381713867,psp,hoeffding
3530,7200,0.01,0.08939313888549805,ps,hoeffding
3531,10800,0.01,0.09253501892089844,psp,hoeffding
3532,7200,0.01,0.08944988250732422,ps,hoeffding
3533,10800,0.01,0.09750986099243164,psp,hoeffding
3534,7200,0.01,0.08774185180664062,ps,hoeffding
3535,10800,0.01,0.10882210731506348,psp,hoeffding
3536,7200,0.01,0.08803296089172363,ps,hoeffding
3537,10800,0.01,0.10700178146362305,psp,hoeffding
3538,7200,0.01,0.09456515312194824,ps,hoeffding
3539,341000,0.01,3.437006950378418,psp,rademacher
3540,10800,0.01,0.10000085830688477,psp,hoeffding
3541,7200,0.01,0.08440518379211426,ps,hoeffding
3542,11100,0.01,0.10441207885742188,psp,hoeffding
3543,7200,0.01,0.09083414077758789,ps,hoeffding
3544,10800,0.01,0.09602570533752441,psp,hoeffding
3545,7200,0.01,0.08438515663146973,ps,hoeffding
3546,11100,0.01,0.10119795799255371,psp,hoeffding
3547,7200,0.01,0.09841012954711914,ps,hoeffding
3548,11100,0.01,0.10401487350463867,psp,hoeffding
3549,612000,0.01,11.814778089523315,ps,rademacher
3550,7200,0.01,0.09010910987854004,ps,hoeffding
3551,10800,0.01,0.101715087890625,psp,hoeffding
3552,612000,0.01,11.940036058425903,ps,rademacher
3553,7200,0.01,0.09092497825622559,ps,hoeffding
3554,10800,0.01,0.10418295860290527,psp,hoeffding
3555,1226400,0.01,24.024286031723022,ps,rademacher
3556,7200,0.01,0.10321187973022461,ps,hoeffding
3557,10900,0.01,0.10586690902709961,psp,hoeffding
3558,612000,0.01,11.852651834487915,ps,rademacher
3559,7200,0.01,0.09014129638671875,ps,hoeffding
3560,10900,0.01,0.10850405693054199,psp,hoeffding
3561,7200,0.01,0.0901479721069336,ps,hoeffding
3562,10800,0.01,0.0969851016998291,psp,hoeffding
3563,7200,0.01,0.08869361877441406,ps,hoeffding
3564,11100,0.01,0.10523009300231934,psp,hoeffding
3565,1226400,0.01,23.96112322807312,ps,rademacher
3566,7200,0.01,0.08592987060546875,ps,hoeffding
3567,11100,0.01,0.10402274131774902,psp,hoeffding
3568,7200,0.01,0.08219313621520996,ps,hoeffding
3569,334200,0.01,3.3639931678771973,psp,rademacher
3570,10800,0.01,0.1025388240814209,psp,hoeffding
3571,7200,0.01,0.09085917472839355,ps,hoeffding
3572,10800,0.01,0.09285497665405273,psp,hoeffding
3573,7200,0.01,0.09624814987182617,ps,hoeffding
3574,10800,0.01,0.09050321578979492,psp,hoeffding
3575,7200,0.01,0.09054398536682129,ps,hoeffding
3576,10900,0.01,0.10670900344848633,psp,hoeffding
3577,7200,0.01,0.08822202682495117,ps,hoeffding
3578,10800,0.01,0.09975790977478027,psp,hoeffding
3579,612000,0.01,11.819280862808228,ps,rademacher
3580,7200,0.01,0.08720016479492188,ps,hoeffding
3581,10900,0.01,0.08776283264160156,psp,hoeffding
3582,7200,0.01,0.09700608253479004,ps,hoeffding
3583,10800,0.01,0.11360621452331543,psp,hoeffding
3584,7200,0.01,0.08661007881164551,ps,hoeffding
3585,10800,0.01,0.10276508331298828,psp,hoeffding
3586,7200,0.01,0.0970759391784668,ps,hoeffding
3587,10800,0.01,0.10457086563110352,psp,hoeffding
3588,7200,0.01,0.08662986755371094,ps,hoeffding
3589,10900,0.01,0.10626506805419922,psp,hoeffding
3590,612000,0.01,12.066310167312622,ps,rademacher
3591,7200,0.01,0.09126091003417969,ps,hoeffding
3592,10900,0.01,0.1018989086151123,psp,hoeffding
3593,612000,0.01,11.874229907989502,ps,rademacher
3594,7200,0.01,0.09580516815185547,ps,hoeffding
3595,11100,0.01,0.10135889053344727,psp,hoeffding
3596,7200,0.01,0.08932089805603027,ps,hoeffding
3597,10800,0.01,0.10380101203918457,psp,hoeffding
3598,7200,0.01,0.09237408638000488,ps,hoeffding
3599,10800,0.01,0.09390902519226074,psp,hoeffding
3600,1226400,0.01,23.940279960632324,ps,rademacher
3601,7200,0.01,0.09198117256164551,ps,hoeffding
3602,10800,0.01,0.10377311706542969,psp,hoeffding
3603,7200,0.01,0.0913538932800293,ps,hoeffding
3604,10800,0.01,0.10223698616027832,psp,hoeffding
3605,7200,0.01,0.0862431526184082,ps,hoeffding
3606,10900,0.01,0.10532689094543457,psp,hoeffding
3607,7200,0.01,0.08195304870605469,ps,hoeffding
3608,10800,0.01,0.0930030345916748,psp,hoeffding
3609,7200,0.01,0.08687996864318848,ps,hoeffding
3610,10900,0.01,0.1056528091430664,psp,hoeffding
3611,7200,0.01,0.08782005310058594,ps,hoeffding
3612,336900,0.01,3.3745229244232178,psp,rademacher
3613,11100,0.01,0.09793996810913086,psp,hoeffding
3614,7200,0.01,0.08985424041748047,ps,hoeffding
3615,10800,0.01,0.09450125694274902,psp,hoeffding
3616,7200,0.01,0.08149981498718262,ps,hoeffding
3617,10800,0.01,0.10361599922180176,psp,hoeffding
3618,7200,0.01,0.08617997169494629,ps,hoeffding
3619,11100,0.01,0.11412715911865234,psp,hoeffding
3620,7200,0.01,0.09092378616333008,ps,hoeffding
3621,10900,0.01,0.09751605987548828,psp,hoeffding
3622,1226400,0.01,24.35736608505249,ps,rademacher
3623,7200,0.01,0.08901596069335938,ps,hoeffding
3624,10800,0.01,0.10083580017089844,psp,hoeffding
3625,7200,0.01,0.09061980247497559,ps,hoeffding
3626,10800,0.01,0.10358500480651855,psp,hoeffding
3627,7200,0.01,0.09153938293457031,ps,hoeffding
3628,10800,0.01,0.10453224182128906,psp,hoeffding
3629,7200,0.01,0.09114694595336914,ps,hoeffding
3630,10900,0.01,0.10587477684020996,psp,hoeffding
3631,1226400,0.01,24.16912007331848,ps,rademacher
3632,7200,0.01,0.08950924873352051,ps,hoeffding
3633,10800,0.01,0.10200309753417969,psp,hoeffding
3634,7200,0.01,0.08627200126647949,ps,hoeffding
3635,7200,0.01,0.08927798271179199,ps,hoeffding
3636,10900,0.01,0.08975100517272949,psp,hoeffding
3637,612000,0.01,11.841621160507202,ps,rademacher
3638,7200,0.01,0.08780980110168457,ps,hoeffding
3639,10800,0.01,0.10201907157897949,psp,hoeffding
3640,7200,0.01,0.0904092788696289,ps,hoeffding
3641,11100,0.01,0.10948705673217773,psp,hoeffding
3642,7200,0.01,0.08668279647827148,ps,hoeffding
3643,10800,0.01,0.10654783248901367,psp,hoeffding
3644,7200,0.01,0.09517621994018555,ps,hoeffding
3645,10800,0.01,0.09586405754089355,psp,hoeffding
3646,612000,0.01,11.952826976776123,ps,rademacher
3647,7200,0.01,0.08697891235351562,ps,hoeffding
3648,10800,0.01,0.10620594024658203,psp,hoeffding
3649,7200,0.01,0.08722901344299316,ps,hoeffding
3650,11100,0.01,0.10598492622375488,psp,hoeffding
3651,7200,0.01,0.09158802032470703,ps,hoeffding
3652,11100,0.01,0.09341001510620117,psp,hoeffding
3653,7200,0.01,0.09149909019470215,ps,hoeffding
3654,10800,0.01,0.09971094131469727,psp,hoeffding
3655,7200,0.01,0.08831906318664551,ps,hoeffding
3656,10800,0.01,0.09615373611450195,psp,hoeffding
3657,7200,0.01,0.07973885536193848,ps,hoeffding
3658,10900,0.01,0.10895109176635742,psp,hoeffding
3659,7200,0.01,0.08972907066345215,ps,hoeffding
3660,10900,0.01,0.09962987899780273,psp,hoeffding
3661,612000,0.01,11.886239051818848,ps,rademacher
3662,7200,0.01,0.08998990058898926,ps,hoeffding
3663,10800,0.01,0.10219788551330566,psp,hoeffding
3664,7200,0.01,0.09184384346008301,ps,hoeffding
3665,10800,0.01,0.10675883293151855,psp,hoeffding
3666,7200,0.01,0.08832097053527832,ps,hoeffding
3667,10900,0.01,0.0990910530090332,psp,hoeffding
3668,7200,0.01,0.08577919006347656,ps,hoeffding
3669,10900,0.01,0.1044921875,psp,hoeffding
3670,1226400,0.01,24.074585914611816,ps,rademacher
3671,7200,0.01,0.09364104270935059,ps,hoeffding
3672,11100,0.01,0.09578609466552734,psp,hoeffding
3673,1226400,0.01,24.06542420387268,ps,rademacher
3674,7200,0.01,0.08880472183227539,ps,hoeffding
3675,10800,0.01,0.10113406181335449,psp,hoeffding
3676,1226400,0.01,24.071260929107666,ps,rademacher
3677,7200,0.01,0.0919041633605957,ps,hoeffding
3678,10900,0.01,0.10474777221679688,psp,hoeffding
3679,7200,0.01,0.09108495712280273,ps,hoeffding
3680,10800,0.01,0.09915280342102051,psp,hoeffding
3681,612000,0.01,11.928301811218262,ps,rademacher
3682,7200,0.01,0.08798623085021973,ps,hoeffding
3683,10800,0.01,0.1043701171875,psp,hoeffding
3684,7200,0.01,0.09485697746276855,ps,hoeffding
3685,10800,0.01,0.09690403938293457,psp,hoeffding
3686,7200,0.01,0.08532190322875977,ps,hoeffding
3687,10800,0.01,0.10396766662597656,psp,hoeffding
3688,1226400,0.01,24.242958784103394,ps,rademacher
3689,7200,0.01,0.08879375457763672,ps,hoeffding
3690,10900,0.01,0.10383105278015137,psp,hoeffding
3691,7200,0.01,0.08701801300048828,ps,hoeffding
3692,340200,0.01,3.375520944595337,psp,rademacher
3693,10800,0.01,0.10787296295166016,psp,hoeffding
3694,7200,0.01,0.08591818809509277,ps,hoeffding
3695,11100,0.01,0.10594892501831055,psp,hoeffding
3696,7200,0.01,0.08478116989135742,ps,hoeffding
3697,10900,0.01,0.10543203353881836,psp,hoeffding
3698,7200,0.01,0.09476590156555176,ps,hoeffding
3699,10900,0.01,0.10678720474243164,psp,hoeffding
3700,7200,0.01,0.09014606475830078,ps,hoeffding
3701,10900,0.01,0.09921908378601074,psp,hoeffding
3702,7200,0.01,0.09034299850463867,ps,hoeffding
3703,10800,0.01,0.10175204277038574,psp,hoeffding
3704,7200,0.01,0.09014201164245605,ps,hoeffding
3705,10800,0.01,0.10690093040466309,psp,hoeffding
3706,7200,0.01,0.08612203598022461,ps,hoeffding
3707,7200,0.01,0.08812093734741211,ps,hoeffding
3708,10800,0.01,0.10428595542907715,psp,hoeffding
3709,612000,0.01,11.86051893234253,ps,rademacher
3710,7200,0.01,0.09010672569274902,ps,hoeffding
3711,10800,0.01,0.1066138744354248,psp,hoeffding
3712,7200,0.01,0.09507989883422852,ps,hoeffding
3713,10800,0.01,0.10543417930603027,psp,hoeffding
3714,1226400,0.01,24.160146951675415,ps,rademacher
3715,7200,0.01,0.0875701904296875,ps,hoeffding
3716,11100,0.01,0.1052091121673584,psp,hoeffding
3717,1226400,0.01,23.873496055603027,ps,rademacher
3718,7200,0.01,0.09110498428344727,ps,hoeffding
3719,10800,0.01,0.10401296615600586,psp,hoeffding
3720,7200,0.01,0.09065103530883789,ps,hoeffding
3721,10900,0.01,0.0986332893371582,psp,hoeffding
3722,1226400,0.01,23.97470998764038,ps,rademacher
3723,7200,0.01,0.09548377990722656,ps,hoeffding
3724,10800,0.01,0.11093997955322266,psp,hoeffding
3725,1226400,0.01,24.006486892700195,ps,rademacher
3726,7200,0.01,0.09081125259399414,ps,hoeffding
3727,10800,0.01,0.10398197174072266,psp,hoeffding
3728,7200,0.01,0.09631490707397461,ps,hoeffding
3729,10800,0.01,0.09318685531616211,psp,hoeffding
3730,7200,0.01,0.08577489852905273,ps,hoeffding
3731,10900,0.01,0.10286903381347656,psp,hoeffding
